,,,,,,,,,,,,,,,,,TRAIL 12M,AÑO DE INICIO,TICKER,Nombre,,,,,,,,,,RATING,UPSIDE,PRECIO ACTUAL,PRECIO COMPRA,MEDIANA MAXIMA,PRECIO MAXIMO,BANDA MAXIMA,YIELD MAXIMO,YIELD OVERVALUED,YIELD MEDIO,YOC MAXIMO,G/P MAXIMAS,G/P MAXIMAS CON DIV,RATING MAXIMO,,,,COTIZACIÓN,,,SI,,,MAXIMO,MINIMO,ANCHO,DIVISION,MARCAS
,,,,,,,,,,,,,,,,,NO,2016,DPH LN,Dechra Pharmaceuticals PLC,,,,,,,,,,103%,-2%,$3.866,00,$        751.34,$  3.937,42,$      5.405,00,$ 13.581,92,1.89%,0.33%,1.09%,1.28%,296.51%,306.46%,103%,,,,,,,NO,,,1.85%,0.32%,1.52%,0.02%,76
,,,,,,,,,,,,,,,,,CONFIANZA,EXTRA,YOC,FECHA COMPRA,,,,,,,,,,PRECIO MEDIANA,UPSIDE MEDIANA,YIELD ACTUAL,PRECIO VENTA,MEDIANA MINIMA,PRECIO MINIMO,BANDA MINIMA,YIELD MINIMO,YIELD UNDERVALUED,MEDIANA YIELD,YOC MINIMO,G/P MINIMAS,G/P MINIMAS CON DIV,RATING MINIMO,,,,3Y CAGR,0.00%,,Dechra Pharmaceuticals PLC - Max. DrawDown (%),,,,,,,
,,,,,,,,,,,,,,,,,90%,NO,1.66%,11/10/2017,,,,,,,,,,$    1.096,41,-72%,0.32%,$  3.782,00,$    1.096,41,$          975.00,$        751.34,0.32%,1.66%,1.14%,0.23%,-28.47%,-28.47%,-3%,,,,5Y CAGR,-20.95%,,Dechra Pharmaceuticals PLC - Returns (%),,,,,,,
,,,,,,,,,,,,,,,,,,,,,,,,,,,,,,,,,,,,,,,,,,,,,,,10Y CAGR,-3.82%,,Dechra Pharmaceuticals PLC - Yield On Cost (YOC),,,,,,,
,,,,,,,,,,,,,,,,,,YEAR,Date,Close,RSM POSITIVO,RSM NEGATIVO,Date,Close,Date,Close,RSD,MA(RSD),MRS = (( RSD(today) /ma(RSD(today). n)) - 1 ) * 100,YIELD,PRICE,DPS,CHANEL O,CHANEL U,CHANEL M,RATING,UPSIDE,OVERVALUED,UNDERVALUED,YOC,PRECIO,DIVIDENDOS,DIVIDENDOS DESDE COMPRA,MEDIANA YIELD,MAX. DRAWDOWN,,AÑO,DIVIDENDOS,% YoY,Dechra Pharmaceuticals PLC - Rating: 103% - Upside: -2%,,,Nº,INTERVALOS,FRECUENCIA,F. ACUMULADA,% TOTAL
,,,,,,,,,,,,,,,,,,2016,1/4/2016,$                                                 1.078,00,,,12/29/2014,,12/29/2014,,,,,1.71%,1.078,00,18.46,5.585,26,1.109,57,1.619,17,-1%,418%,0.33%,1.66%,1.16%,258.63%,267.63%,97,1.14%,0.00%,,1997,0.00,-,103,,,0,0.32%,162,162,7.89%
,,,,,,,,,,,,,,,,,,2016,1/5/2016,1.057,00,,,1/5/2015,,1/5/2015,,,,,1.75%,1.057,00,18.46,5.585,26,1.109,57,1.619,17,-1%,428%,0.33%,1.66%,1.18%,265.75%,274.93%,97,1.14%,-1.95%,,1998,0.00,,-2,,,1,0.34%,16,178,0.78%
,,,,,,,,,,,,,,,,,,2016,1/6/2016,1.075,00,,,1/12/2015,,1/12/2015,,,,,1.72%,1.075,00,18.46,5.585,26,1.109,57,1.619,17,-1%,420%,0.33%,1.66%,1.16%,259.63%,268.65%,97,1.14%,-0.28%,,1999,0.00,,,,,2,0.36%,3,181,0.15%
,,,,,,,,,,,,,,,,,,2016,1/7/2016,1.062,00,,,1/19/2015,,1/20/2015,,,,,1.74%,1.062,00,18.46,5.585,26,1.109,57,1.619,17,-1%,426%,0.33%,1.66%,1.18%,264.03%,273.16%,97,1.14%,-1.48%,,2000,0.00,,1/1/1970,1970,,3,0.38%,15,196,0.73%
,,,,,,,,,,,,,,,,,,2016,1/8/2016,1.055,00,,,1/26/2015,,1/26/2015,,,,,1.75%,1.055,00,18.46,5.585,26,1.109,57,1.619,17,-1%,429%,0.33%,1.66%,1.18%,266.45%,275.64%,97,1.14%,-2.13%,,2001,0.00,,1/1/1971,1971,,4,0.40%,9,205,0.44%
,,,,,,,,,,,,,,,,,,2016,1/11/2016,1.061,00,,,2/2/2015,,2/2/2015,,,,,1.74%,1.061,00,18.46,5.585,26,1.109,57,1.619,17,-1%,426%,0.33%,1.66%,1.18%,264.37%,273.52%,97,1.14%,-1.58%,,2002,4.12,,1/1/1972,1972,,5,0.42%,9,214,0.44%
,,,,,,,,,,,,,,,,,,2016,1/12/2016,1.058,00,,,2/9/2015,,2/9/2015,,,,,1.74%,1.058,00,18.46,5.585,26,1.109,57,1.619,17,-1%,428%,0.33%,1.66%,1.18%,265.41%,274.57%,97,1.14%,-1.86%,,2003,4.12,0.00%,1/1/1973,1973,,6,0.44%,15,229,0.73%
,,,,,,,,,,,,,,,,,,2016,1/13/2016,1.055,00,,,2/16/2015,,2/17/2015,,,,,1.75%,1.055,00,18.46,5.585,26,1.109,57,1.619,17,-1%,429%,0.33%,1.66%,1.18%,266.45%,275.64%,97,1.14%,-2.13%,,2004,4.70,14.08%,1/1/1974,1974,,7,0.46%,18,247,0.88%
,,,,,,,,,,,,,,,,,,2016,1/14/2016,1.013,00,,,2/23/2015,,2/23/2015,,,,,1.82%,1.013,00,18.46,5.585,26,1.109,57,1.619,17,-2%,451%,0.33%,1.66%,1.23%,281.64%,291.21%,97,1.14%,-6.03%,,2005,5.20,10.64%,1/1/1975,1975,,8,0.48%,12,259,0.58%
,,,,,,,,,,,,,,,,,,2016,1/15/2016,1.023,00,,,3/2/2015,,3/2/2015,,,,,1.80%,1.023,00,18.46,5.585,26,1.109,57,1.619,17,-2%,446%,0.33%,1.66%,1.22%,277.91%,287.39%,97,1.14%,-5.10%,,2006,6.24,20.00%,1/1/1976,1976,,9,0.50%,0,259,0.00%
,,,,,,,,,,,,,,,,,,2016,1/18/2016,988.00,,,3/9/2015,,3/9/2015,,,,,1.87%,988.00,18.46,5.585,26,1.109,57,1.619,17,-3%,465%,0.33%,1.66%,1.27%,291.30%,301.11%,97,1.14%,-8.35%,,2007,7.50,20.19%,1/1/1977,1977,,10,0.52%,0,259,0.00%
,,,,,,,,,,,,,,,,,,2016,1/19/2016,999.00,,,3/16/2015,,3/16/2015,,,,,1.85%,999.00,18.46,5.585,26,1.109,57,1.619,17,-2%,459%,0.33%,1.66%,1.25%,286.99%,296.70%,97,1.14%,-7.33%,,2008,8.25,10.00%,1/1/1978,1978,,11,0.54%,0,259,0.00%
,,,,,,,,,,,,,,,,,,2016,1/20/2016,989.00,,,3/23/2015,,3/23/2015,,,,,1.87%,989.00,18.46,5.585,26,1.109,57,1.619,17,-3%,465%,0.33%,1.66%,1.26%,290.90%,300.71%,97,1.14%,-8.26%,,2009,9.10,10.30%,1/1/1979,1979,,12,0.56%,0,259,0.00%
,,,,,,,,,,,,,,,,,,2016,1/21/2016,990.00,,,3/30/2015,,3/30/2015,,,,,1.86%,990.00,18.46,5.585,26,1.109,57,1.619,17,-3%,464%,0.33%,1.66%,1.26%,290.51%,300.30%,97,1.14%,-8.16%,,2010,10.50,15.38%,1/1/1980,1980,,13,0.58%,0,259,0.00%
,,,,,,,,,,,,,,,,,,2016,1/22/2016,1.007,00,,,4/7/2015,,4/6/2015,,,,,1.83%,1.007,00,18.46,5.585,26,1.109,57,1.619,17,-2%,455%,0.33%,1.66%,1.24%,283.91%,293.55%,97,1.14%,-6.59%,,2011,12.10,15.24%,1/1/1981,1981,,14,0.60%,0,259,0.00%
,,,,,,,,,,,,,,,,,,2016,1/25/2016,1.030,00,,,4/13/2015,,4/13/2015,,,,,1.79%,1.030,00,18.46,5.585,26,1.109,57,1.619,17,-2%,442%,0.33%,1.66%,1.21%,275.34%,284.76%,97,1.14%,-4.45%,,2012,12.60,4.13%,1/1/1982,1982,,15,0.62%,0,259,0.00%
,,,,,,,,,,,,,,,,,,2016,1/26/2016,1.005,00,,,4/20/2015,,4/20/2015,,,,,1.84%,1.005,00,18.46,5.585,26,1.109,57,1.619,17,-2%,456%,0.33%,1.66%,1.24%,284.68%,294.33%,97,1.14%,-6.77%,,2013,14.00,11.11%,1/1/1983,1983,,16,0.64%,0,259,0.00%
,,,,,,,,,,,,,,,,,,2016,1/27/2016,1.008,00,,,4/27/2015,,4/27/2015,,,,,1.83%,1.008,00,18.46,5.585,26,1.109,57,1.619,17,-2%,454%,0.33%,1.66%,1.24%,283.53%,293.15%,97,1.14%,-6.49%,,2014,15.40,10.00%,1/1/1984,1984,,17,0.66%,0,259,0.00%
,,,,,,,,,,,,,,,,,,2016,1/28/2016,1.006,00,,,5/5/2015,,5/4/2015,,,,,1.83%,1.006,00,18.46,5.585,26,1.109,57,1.619,17,-2%,455%,0.33%,1.66%,1.24%,284.29%,293.94%,97,1.14%,-6.68%,,2015,16.94,10.00%,1/1/1985,1985,,18,0.68%,0,259,0.00%
,,,,,,,,,,,,,,,,,,2016,1/29/2016,998.00,,,5/11/2015,,5/11/2015,,,,,1.85%,998.00,18.46,5.585,26,1.109,57,1.619,17,-2%,460%,0.33%,1.66%,1.25%,287.37%,297.09%,97,1.14%,-7.42%,,2016,18.46,8.97%,1/1/1986,1986,,19,0.70%,0,259,0.00%
,,,,,,,,,,,,,,,,,,2016,2/1/2016,1.021,00,,,5/18/2015,,5/18/2015,,,,,1.81%,1.021,00,18.46,5.585,26,1.109,57,1.619,17,-2%,447%,0.33%,1.66%,1.22%,278.65%,288.15%,97,1.14%,-5.29%,,2017,21.44,16.14%,1/1/1987,1987,,20,0.72%,0,259,0.00%
,,,,,,,,,,,,,,,,,,2016,2/2/2016,1.007,00,,,5/26/2015,,5/26/2015,,,,,1.83%,1.007,00,18.46,5.585,26,1.109,57,1.619,17,-2%,455%,0.33%,1.66%,1.24%,283.91%,293.55%,97,1.14%,-6.59%,,2018,25.50,18.94%,1/1/1988,1988,,21,0.74%,5,264,0.24%
,,,,,,,,,,,,,,,,,,2016,2/3/2016,995.00,,,6/1/2015,,6/1/2015,,,,,1.86%,995.00,18.46,5.585,26,1.109,57,1.619,17,-3%,461%,0.33%,1.66%,1.26%,288.54%,298.29%,97,1.14%,-7.70%,,2019,31.60,23.92%,1/1/1989,1989,,22,0.76%,24,288,1.17%
,,,,,,,,,,,,,,,,,,2016,2/4/2016,997.00,,,6/8/2015,,6/8/2015,,,,,1.85%,997.00,18.46,5.585,26,1.109,57,1.619,17,-3%,460%,0.33%,1.66%,1.25%,287.76%,297.49%,97,1.14%,-7.51%,,2020,34.29,8.51%,1/1/1990,1990,,23,0.78%,31,319,1.51%
,,,,,,,,,,,,,,,,,,2016,2/5/2016,997.00,,,6/15/2015,,6/15/2015,,,,,1.85%,997.00,18.46,5.585,26,1.109,57,1.619,17,-3%,460%,0.33%,1.66%,1.25%,287.76%,297.49%,97,1.14%,-7.51%,,2021,40.50,18.11%,1/1/1991,1991,,24,0.80%,40,359,1.95%
,,,,,,,,,,,,,,,,,,2016,2/8/2016,975.00,,,6/22/2015,,6/22/2015,,,,,1.89%,975.00,18.46,5.585,26,1.109,57,1.619,17,-3%,473%,0.33%,1.66%,1.28%,296.51%,306.46%,97,1.14%,-9.55%,,2022,44.89,10.84%,1/1/1992,1992,,25,0.82%,30,389,1.46%
,,,,,,,,,,,,,,,,,,2016,2/9/2016,986.00,,,6/29/2015,,6/29/2015,,,,,1.87%,986.00,18.46,5.585,26,1.109,57,1.619,17,-3%,466%,0.33%,1.66%,1.27%,292.09%,301.93%,97,1.14%,-8.53%,,2023,12.50,-72.15%,1/1/1993,1993,,26,0.84%,26,415,1.27%
,,,,,,,,,,,,,,,,,,2016,2/10/2016,1.026,00,,,7/6/2015,,7/6/2015,,,,,1.80%,1.026,00,18.46,5.585,26,1.109,57,1.619,17,-2%,444%,0.33%,1.66%,1.22%,276.80%,286.26%,97,1.14%,-4.82%,,2024,12.50,0.00%,1/1/1994,1994,,27,0.86%,9,424,0.44%
,,,,,,,,,,,,,,,,,,2016,2/11/2016,1.025,00,,,7/13/2015,,7/13/2015,,,,,1.80%,1.025,00,18.46,5.585,26,1.109,57,1.619,17,-2%,445%,0.33%,1.66%,1.22%,277.17%,286.63%,97,1.14%,-4.92%,,2025,12.50,0.00%,1/1/1995,1995,,28,0.88%,12,436,0.58%
,,,,,,,,,,,,,,,,,,2016,2/12/2016,1.013,00,,,7/20/2015,,7/20/2015,,,,,1.82%,1.013,00,18.46,5.585,26,1.109,57,1.619,17,-2%,451%,0.33%,1.66%,1.23%,281.64%,291.21%,97,1.14%,-6.03%,,2026,12.50,0.00%,1/1/1996,1996,,29,0.90%,38,474,1.85%
,,,,,,,,,,,,,,,,,,2016,2/15/2016,1.001,00,,,7/27/2015,,7/27/2015,,,,,1.84%,1.001,00,18.46,5.585,26,1.109,57,1.619,17,-2%,458%,0.33%,1.66%,1.25%,286.21%,295.90%,97,1.14%,-7.14%,,,,,1/1/1997,1997,,30,0.92%,38,512,1.85%
,,,,,,,,,,,,,,,,,,2016,2/16/2016,1.005,00,,,8/3/2015,,8/3/2015,,,,,1.84%,1.005,00,18.46,5.585,26,1.109,57,1.619,17,-2%,456%,0.33%,1.66%,1.24%,284.68%,294.33%,97,1.14%,-6.77%,,,,,1/1/1998,1998,,31,0.94%,19,531,0.93%
,,,,,,,,,,,,,,,,,,2016,2/17/2016,1.023,00,,,8/10/2015,,8/10/2015,,,,,1.80%,1.023,00,18.46,5.585,26,1.109,57,1.619,17,-2%,446%,0.33%,1.66%,1.22%,277.91%,287.39%,97,1.14%,-5.10%,,,,,1/1/1999,1999,,32,0.96%,32,563,1.56%
,,,,,,,,,,,,,,,,,,2016,2/18/2016,1.074,00,,,8/17/2015,,8/17/2015,,,,,1.72%,1.074,00,18.46,5.585,26,1.109,57,1.619,17,-1%,420%,0.33%,1.66%,1.16%,259.96%,268.99%,97,1.14%,-0.37%,,,,,1/1/2000,2000,,33,0.98%,46,609,2.24%
,,,,,,,,,,,,,,,,,,2016,2/19/2016,1.062,00,,,8/24/2015,,8/24/2015,,,,,1.74%,1.062,00,18.46,5.585,26,1.109,57,1.619,17,-1%,426%,0.33%,1.66%,1.18%,264.03%,273.16%,97,1.14%,-1.48%,,,,,1/1/2001,2001,,34,1.00%,41,650,2.00%
,,,,,,,,,,,,,,,,,,2016,2/22/2016,1.175,00,,,9/1/2015,,8/31/2015,,,,,1.57%,1.175,00,18.46,5.585,26,1.109,57,1.619,17,1%,375%,0.33%,1.66%,1.06%,229.02%,237.28%,97,1.14%,0.00%,,,,,1/1/2002,2002,,35,1.02%,41,691,2.00%
,,,,,,,,,,,,,,,,,,2016,2/23/2016,1.203,00,,,9/7/2015,,9/8/2015,,,,,1.53%,1.203,00,18.46,5.585,26,1.109,57,1.619,17,2%,364%,0.33%,1.66%,1.04%,221.36%,229.43%,97,1.14%,0.00%,,,,,1/1/2003,2003,,36,1.04%,61,752,2.97%
,,,,,,,,,,,,,,,,,,2016,2/24/2016,1.200,00,,,9/14/2015,,9/14/2015,,,,,1.54%,1.200,00,18.46,5.585,26,1.109,57,1.619,17,2%,365%,0.33%,1.66%,1.04%,222.17%,230.25%,97,1.14%,-0.25%,,,,,1/1/2004,2004,,37,1.06%,61,813,2.97%
,,,,,,,,,,,,,,,,,,2016,2/25/2016,1.185,00,,,9/21/2015,,9/21/2015,,,,,1.56%,1.185,00,18.46,5.585,26,1.109,57,1.619,17,2%,371%,0.33%,1.66%,1.05%,226.24%,234.43%,97,1.14%,-1.50%,,,,,1/1/2005,2005,,38,1.08%,84,897,4.09%
,,,,,,,,,,,,,,,,,,2016,2/26/2016,1.175,00,,,9/28/2015,,9/28/2015,,,,,1.57%,1.175,00,18.46,5.585,26,1.109,57,1.619,17,1%,375%,0.33%,1.66%,1.06%,229.02%,237.28%,97,1.14%,-2.33%,,,,,1/1/2006,2006,,39,1.10%,55,952,2.68%
,,,,,,,,,,,,,,,,,,2016,2/29/2016,1.144,00,,,10/5/2015,,10/5/2015,,,,,1.61%,1.144,00,18.46,5.585,26,1.109,57,1.619,17,1%,388%,0.33%,1.66%,1.09%,237.94%,246.42%,97,1.14%,-4.90%,,,,,1/1/2007,2007,,40,1.12%,83,1035,4.04%
,,,,,,,,,,,,,,,,,,2016,3/1/2016,1.162,00,,,10/12/2015,,10/12/2015,,,,,1.59%,1.162,00,18.46,5.585,26,1.109,57,1.619,17,1%,381%,0.33%,1.66%,1.08%,232.70%,241.05%,97,1.14%,-3.41%,,,,,1/1/2008,2008,,41,1.14%,82,1117,4.00%
,,,,,,,,,,,,,,,,,,2016,3/2/2016,1.172,00,,,10/19/2015,,10/19/2015,,,,,1.58%,1.172,00,18.46,5.585,26,1.109,57,1.619,17,1%,377%,0.33%,1.66%,1.07%,229.86%,238.14%,97,1.14%,-2.58%,,,,,1/1/2009,2009,,42,1.16%,80,1197,3.90%
,,,,,,,,,,,,,,,,,,2016,3/3/2016,1.178,00,,,10/26/2015,,10/26/2015,,,,,1.57%,1.178,00,18.46,5.585,26,1.109,57,1.619,17,2%,374%,0.33%,1.66%,1.06%,228.18%,236.42%,97,1.14%,-2.08%,,,,,1/1/2010,2010,,43,1.18%,80,1277,3.90%
,,,,,,,,,,,,,,,,,,2016,3/4/2016,1.172,00,,,11/2/2015,,11/2/2015,,,,,1.58%,1.172,00,18.46,5.585,26,1.109,57,1.619,17,1%,377%,0.33%,1.66%,1.07%,229.86%,238.14%,97,1.14%,-2.58%,,,,,1/1/2011,2011,,44,1.20%,68,1345,3.31%
,,,,,,,,,,,,,,,,,,2016,3/7/2016,1.167,00,,,11/9/2015,,11/9/2015,,,,,1.58%,1.167,00,18.46,5.585,26,1.109,57,1.619,17,1%,379%,0.33%,1.66%,1.07%,231.28%,239.59%,97,1.14%,-2.99%,,,,,1/1/2012,2012,,45,1.22%,64,1409,3.12%
,,,,,,,,,,,,,,,,,,2016,3/8/2016,1.158,00,,,11/16/2015,,11/16/2015,,,,,1.59%,1.158,00,18.46,5.585,26,1.109,57,1.619,17,1%,382%,0.33%,1.66%,1.08%,233.85%,242.23%,97,1.14%,-3.74%,,,,,1/1/2013,2013,,46,1.24%,60,1469,2.92%
,,,,,,,,,,,,,,,,,,2016,3/9/2016,1.149,00,,,11/23/2015,,11/23/2015,,,,,1.61%,1.149,00,18.46,5.585,26,1.109,57,1.619,17,1%,386%,0.33%,1.66%,1.09%,236.47%,244.91%,97,1.14%,-4.49%,,,,,1/1/2014,2014,,47,1.26%,64,1533,3.12%
,,,,,,,,,,,,,,,,,,2016,3/10/2016,1.137,00,,,11/30/2015,,11/30/2015,,,,,1.62%,1.137,00,18.46,5.585,26,1.109,57,1.619,17,1%,391%,0.33%,1.66%,1.10%,240.02%,248.55%,97,1.14%,-5.49%,,,,,1/1/2015,2015,,48,1.28%,43,1576,2.10%
,,,,,,,,,,,,,,,,,,2016,3/11/2016,1.140,00,,,12/7/2015,,12/7/2015,,,,,1.62%,1.140,00,18.46,5.585,26,1.109,57,1.619,17,1%,390%,0.33%,1.66%,1.10%,239.12%,247.63%,97,1.14%,-5.24%,,,,,1/1/2016,2016,,49,1.30%,28,1604,1.36%
,,,,,,,,,,,,,,,,,,2016,3/14/2016,1.163,00,,,12/14/2015,,12/14/2015,,,,,1.59%,1.163,00,18.46,5.585,26,1.109,57,1.619,17,1%,380%,0.33%,1.66%,1.07%,232.42%,240.76%,97,1.14%,-3.33%,,,,,1/1/2017,2017,,50,1.32%,26,1630,1.27%
,,,,,,,,,,,,,,,,,,2016,3/15/2016,1.168,00,,,12/21/2015,,12/21/2015,,,,,1.58%,1.168,00,18.46,5.585,26,1.109,57,1.619,17,1%,378%,0.33%,1.66%,1.07%,230.99%,239.30%,97,1.14%,-2.91%,,,,,1/1/2018,2018,,51,1.34%,26,1656,1.27%
,,,,,,,,,,,,,,,,,,2016,3/16/2016,1.182,00,,,12/29/2015,,12/28/2015,,,,,1.56%,1.182,00,18.46,5.585,26,1.109,57,1.619,17,2%,373%,0.33%,1.66%,1.06%,227.07%,235.28%,97,1.14%,-1.75%,,,,,1/1/2019,2019,,52,1.36%,46,1702,2.24%
,,,,,,,,,,,,,,,,,,2016,3/17/2016,1.213,00,,,1/4/2016,,1/4/2016,,,,,1.52%,1.213,00,18.46,5.585,26,1.109,57,1.619,17,2%,360%,0.33%,1.66%,1.03%,218.71%,226.71%,97,1.14%,0.00%,,,,,1/1/2020,2020,,53,1.38%,27,1729,1.32%
,,,,,,,,,,,,,,,,,,2016,3/18/2016,1.185,00,,,1/11/2016,,1/11/2016,,,,,1.56%,1.185,00,18.46,5.585,26,1.109,57,1.619,17,2%,371%,0.33%,1.66%,1.05%,226.24%,234.43%,97,1.14%,-2.31%,,,,,,,,54,1.40%,21,1750,1.02%
,,,,,,,,,,,,,,,,,,2016,3/21/2016,1.225,00,,,1/18/2016,,1/19/2016,,,,,1.51%,1.225,00,18.46,5.585,26,1.109,57,1.619,17,3%,356%,0.33%,1.66%,1.02%,215.59%,223.51%,97,1.14%,0.00%,,,,,,,,55,1.42%,23,1773,1.12%
,,,,,,,,,,,,,,,,,,2016,3/22/2016,1.200,00,,,1/25/2016,,1/25/2016,,,,,1.54%,1.200,00,18.46,5.585,26,1.109,57,1.619,17,2%,365%,0.33%,1.66%,1.04%,222.17%,230.25%,97,1.14%,-2.04%,,,,,,,,56,1.44%,18,1791,0.88%
,,,,,,,,,,,,,,,,,,2016,3/23/2016,1.208,00,,,2/1/2016,,2/1/2016,,,,,1.53%,1.208,00,18.46,5.585,26,1.109,57,1.619,17,2%,362%,0.33%,1.66%,1.03%,220.03%,228.06%,97,1.14%,-1.39%,,,,,,80%,,57,1.46%,9,1800,0.44%
,,,,,,,,,,,,,,,,,,2016,3/24/2016,1.214,00,,,2/8/2016,,2/8/2016,,,,,1.52%,1.214,00,18.46,5.585,26,1.109,57,1.619,17,2%,360%,0.33%,1.66%,1.03%,218.45%,226.44%,97,1.14%,-0.90%,,,,,,81%,,58,1.48%,13,1813,0.63%
,,,,,,,,,,,,,,,,,,2016,3/29/2016,1.216,00,,,2/15/2016,,2/16/2016,,,,,1.52%,1.216,00,18.46,5.585,26,1.109,57,1.619,17,2%,359%,0.33%,1.66%,1.03%,217.93%,225.90%,97,1.14%,-0.73%,,,,,,82%,,59,1.50%,19,1832,0.93%
,,,,,,,,,,,,,,,,,,2016,3/30/2016,1.218,00,,,2/22/2016,,2/22/2016,,,,,1.52%,1.218,00,18.46,5.585,26,1.109,57,1.619,17,2%,359%,0.33%,1.66%,1.03%,217.41%,225.37%,97,1.14%,-0.57%,,,,,,83%,,60,1.52%,15,1847,0.73%
,,,,,,,,,,,,,,,,,,2016,3/31/2016,1.206,00,,,2/29/2016,,2/29/2016,,,,,1.53%,1.206,00,18.46,5.585,26,1.109,57,1.619,17,2%,363%,0.33%,1.66%,1.04%,220.56%,228.61%,97,1.14%,-1.55%,,,,,,84%,,61,1.54%,12,1859,0.58%
,,,,,,,,,,,,,,,,,,2016,4/1/2016,1.211,00,,,3/7/2016,,3/7/2016,,,,,1.52%,1.211,00,18.46,5.585,26,1.109,57,1.619,17,2%,361%,0.33%,1.66%,1.03%,219.24%,227.25%,97,1.14%,-1.14%,,,,,,85%,,62,1.56%,27,1886,1.32%
,,,,,,,,,,,,,,,,,,2016,4/4/2016,1.214,00,,,3/14/2016,,3/14/2016,,,,,1.52%,1.214,00,18.46,5.585,26,1.109,57,1.619,17,2%,360%,0.33%,1.66%,1.03%,218.45%,226.44%,97,1.14%,-0.90%,,,,,,86%,,63,1.58%,12,1898,0.58%
,,,,,,,,,,,,,,,,,,2016,4/5/2016,1.212,00,,,3/21/2016,,3/21/2016,,,,,1.52%,1.212,00,18.46,5.585,26,1.109,57,1.619,17,2%,361%,0.33%,1.66%,1.03%,218.98%,226.98%,97,1.14%,-1.06%,,,,,,87%,,64,1.60%,14,1912,0.68%
,,,,,,,,,,,,,,,,,,2016,4/6/2016,1.228,00,,,3/29/2016,,3/28/2016,,,,,1.50%,1.228,00,18.46,5.585,26,1.109,57,1.619,17,3%,355%,0.33%,1.66%,1.02%,214.82%,222.72%,97,1.14%,0.00%,,,,,,88%,,65,1.62%,16,1928,0.78%
,,,,,,,,,,,,,,,,,,2016,4/7/2016,1.219,00,,,4/4/2016,,4/4/2016,,,,,1.51%,1.219,00,18.46,5.585,26,1.109,57,1.619,17,2%,358%,0.33%,1.66%,1.03%,217.15%,225.10%,97,1.14%,-0.73%,,,,,,89%,,66,1.64%,13,1941,0.63%
,,,,,,,,,,,,,,,,,,2016,4/8/2016,1.225,00,,,4/11/2016,,4/11/2016,,,,,1.51%,1.225,00,18.46,5.585,26,1.109,57,1.619,17,3%,356%,0.33%,1.66%,1.02%,215.59%,223.51%,97,1.14%,-0.24%,,,,,,90%,,67,1.66%,17,1958,0.83%
,,,,,,,,,,,,,,,,,,2016,4/11/2016,1.179,00,,,4/18/2016,,4/18/2016,,,,,1.57%,1.179,00,18.46,5.585,26,1.109,57,1.619,17,2%,374%,0.33%,1.66%,1.06%,227.91%,236.13%,97,1.14%,-3.99%,,,,,,91%,,68,1.68%,12,1970,0.58%
,,,,,,,,,,,,,,,,,,2016,4/12/2016,1.193,00,,,4/25/2016,,4/25/2016,,,,,1.55%,1.193,00,18.46,5.585,26,1.109,57,1.619,17,2%,368%,0.33%,1.66%,1.05%,224.06%,232.19%,97,1.14%,-2.85%,,,,,,92%,,69,1.70%,21,1991,1.02%
,,,,,,,,,,,,,,,,,,2016,4/13/2016,1.185,00,,,5/3/2016,,5/2/2016,,,,,1.56%,1.185,00,18.46,5.585,26,1.109,57,1.619,17,2%,371%,0.33%,1.66%,1.05%,226.24%,234.43%,97,1.14%,-3.50%,,,,,,93%,,70,1.72%,12,2003,0.58%
,,,,,,,,,,,,,,,,,,2016,4/14/2016,1.188,00,,,5/9/2016,,5/9/2016,,,,,1.55%,1.188,00,18.46,5.585,26,1.109,57,1.619,17,2%,370%,0.33%,1.66%,1.05%,225.42%,233.59%,97,1.14%,-3.26%,,,,,,94%,,71,1.74%,10,2013,0.49%
,,,,,,,,,,,,,,,,,,2016,4/15/2016,1.182,00,,,5/16/2016,,5/16/2016,,,,,1.56%,1.182,00,18.46,5.585,26,1.109,57,1.619,17,2%,373%,0.33%,1.66%,1.06%,227.07%,235.28%,97,1.14%,-3.75%,,,,,,95%,,72,1.76%,4,2017,0.19%
,,,,,,,,,,,,,,,,,,2016,4/18/2016,1.175,00,,,5/23/2016,,5/23/2016,,,,,1.57%,1.175,00,18.46,5.585,26,1.109,57,1.619,17,1%,375%,0.33%,1.66%,1.06%,229.02%,237.28%,97,1.14%,-4.32%,,,,,,96%,,73,1.78%,4,2021,0.19%
,,,,,,,,,,,,,,,,,,2016,4/19/2016,1.170,00,,,5/31/2016,,5/31/2016,,,,,1.58%,1.170,00,18.46,5.585,26,1.109,57,1.619,17,1%,377%,0.33%,1.66%,1.07%,230.43%,238.72%,97,1.14%,-4.72%,,,,,,97%,,74,1.80%,6,2027,0.29%
,,,,,,,,,,,,,,,,,,2016,4/20/2016,1.162,00,,,6/6/2016,,6/6/2016,,,,,1.59%,1.162,00,18.46,5.585,26,1.109,57,1.619,17,1%,381%,0.33%,1.66%,1.08%,232.70%,241.05%,97,1.14%,-5.37%,,,,,,98%,,75,1.82%,6,2033,0.29%
,,,,,,,,,,,,,,,,,,2016,4/21/2016,1.148,00,,,6/13/2016,,6/13/2016,,,,,1.61%,1.148,00,18.46,5.585,26,1.109,57,1.619,17,1%,387%,0.33%,1.66%,1.09%,236.76%,245.21%,97,1.14%,-6.51%,,,,,,99%,,76,1.84%,0,2033,0.00%
,,,,,,,,,,,,,,,,,,2016,4/22/2016,1.138,00,,,6/20/2016,,6/20/2016,,,,,1.62%,1.138,00,18.46,5.585,26,1.109,57,1.619,17,1%,391%,0.33%,1.66%,1.10%,239.72%,248.24%,97,1.14%,-7.33%,,,,,,100%,,77,,,,
,,,,,,,,,,,,,,,,,,2016,4/25/2016,1.157,00,,,6/27/2016,,6/27/2016,,,,,1.60%,1.157,00,18.46,5.585,26,1.109,57,1.619,17,1%,383%,0.33%,1.66%,1.08%,234.14%,242.52%,97,1.14%,-5.78%,,,,,,,,78,,,,
,,,,,,,,,,,,,,,,,,2016,4/26/2016,1.137,00,,,7/4/2016,,7/5/2016,,,,,1.62%,1.137,00,18.46,5.585,26,1.109,57,1.619,17,1%,391%,0.33%,1.66%,1.10%,240.02%,248.55%,97,1.14%,-7.41%,,,,,,,,79,,,,
,,,,,,,,,,,,,,,,,,2016,4/27/2016,1.145,00,,,7/11/2016,,7/11/2016,,,,,1.61%,1.145,00,18.46,5.585,26,1.109,57,1.619,17,1%,388%,0.33%,1.66%,1.09%,237.64%,246.11%,97,1.14%,-6.76%,,,,,,,,80,,,,
,,,,,,,,,,,,,,,,,,2016,4/28/2016,1.137,00,,,7/18/2016,,7/18/2016,,,,,1.62%,1.137,00,18.46,5.585,26,1.109,57,1.619,17,1%,391%,0.33%,1.66%,1.10%,240.02%,248.55%,97,1.14%,-7.41%,,,,,,,,,,,,
,,,,,,,,,,,,,,,,,,2016,4/29/2016,1.106,00,,,7/25/2016,,7/25/2016,,,,,1.67%,1.106,00,18.46,5.585,26,1.109,57,1.619,17,0%,405%,0.33%,1.66%,1.13%,249.55%,258.32%,97,1.14%,-9.93%,,,,,,,,,,,,
,,,,,,,,,,,,,,,,,,2016,5/3/2016,1.111,00,,,8/1/2016,,8/1/2016,,,,,1.66%,1.111,00,18.46,5.585,26,1.109,57,1.619,17,0%,403%,0.33%,1.66%,1.13%,247.97%,256.71%,97,1.14%,-9.53%,,,,,,,,,,,,
,,,,,,,,,,,,,,,,,,2016,5/4/2016,1.105,00,,,8/8/2016,,8/8/2016,,,,,1.67%,1.105,00,18.46,5.585,26,1.109,57,1.619,17,0%,405%,0.33%,1.66%,1.13%,249.86%,258.64%,97,1.14%,-10.02%,,,,,,,,,,,,
,,,,,,,,,,,,,,,,,,2016,5/5/2016,1.099,00,,,8/15/2016,,8/15/2016,,,,,1.68%,1.099,00,18.46,5.585,26,1.109,57,1.619,17,0%,408%,0.33%,1.66%,1.14%,251.77%,260.60%,97,1.14%,-10.50%,,,,,,,,,,,,
,,,,,,,,,,,,,,,,,,2016,5/6/2016,1.083,00,,,8/22/2016,,8/22/2016,,,,,1.70%,1.083,00,18.46,5.585,26,1.109,57,1.619,17,-1%,416%,0.33%,1.66%,1.15%,256.97%,265.93%,97,1.14%,-11.81%,,,,,,,,,,,,
,,,,,,,,,,,,,,,,,,2016,5/9/2016,1.095,00,,,8/30/2016,,8/29/2016,,,,,1.69%,1.095,00,18.46,5.585,26,1.109,57,1.619,17,0%,410%,0.33%,1.66%,1.14%,253.06%,261.92%,97,1.14%,-10.83%,,,,,,,,,,,,
,,,,,,,,,,,,,,,,,,2016,5/10/2016,1.091,00,,,9/5/2016,,9/6/2016,,,,,1.69%,1.091,00,18.46,5.585,26,1.109,57,1.619,17,0%,412%,0.33%,1.66%,1.15%,254.35%,263.24%,97,1.14%,-11.16%,,,,,,,,,,,,
,,,,,,,,,,,,,,,,,,2016,5/11/2016,1.095,00,,,9/12/2016,,9/12/2016,,,,,1.69%,1.095,00,18.46,5.585,26,1.109,57,1.619,17,0%,410%,0.33%,1.66%,1.14%,253.06%,261.92%,97,1.14%,-10.83%,,,,,,,,,,,,
,,,,,,,,,,,,,,,,,,2016,5/12/2016,1.083,00,,,9/19/2016,,9/19/2016,,,,,1.70%,1.083,00,18.46,5.585,26,1.109,57,1.619,17,-1%,416%,0.33%,1.66%,1.15%,256.97%,265.93%,97,1.14%,-11.81%,,,,,,,,,,,,
,,,,,,,,,,,,,,,,,,2016,5/13/2016,1.100,00,,,9/26/2016,,9/26/2016,,,,,1.68%,1.100,00,18.46,5.585,26,1.109,57,1.619,17,0%,408%,0.33%,1.66%,1.14%,251.45%,260.27%,97,1.14%,-10.42%,,,,,,,,,,,,
,,,,,,,,,,,,,,,,,,2016,5/16/2016,1.102,00,,,10/3/2016,,10/3/2016,,,,,1.68%,1.102,00,18.46,5.585,26,1.109,57,1.619,17,0%,407%,0.33%,1.66%,1.13%,250.82%,259.62%,97,1.14%,-10.26%,,,,,,,,,,,,
,,,,,,,,,,,,,,,,,,2016,5/17/2016,1.118,00,,,10/10/2016,,10/10/2016,,,,,1.65%,1.118,00,18.46,5.585,26,1.109,57,1.619,17,0%,400%,0.33%,1.66%,1.12%,245.80%,254.47%,97,1.14%,-8.96%,,,,,,,,,,,,
,,,,,,,,,,,,,,,,,,2016,5/18/2016,1.114,00,,,10/17/2016,,10/17/2016,,,,,1.66%,1.114,00,18.46,5.585,26,1.109,57,1.619,17,0%,401%,0.33%,1.66%,1.12%,247.04%,255.75%,97,1.14%,-9.28%,,,,,,,,,,,,
,,,,,,,,,,,,,,,,,,2016,5/19/2016,1.112,00,,,10/24/2016,,10/24/2016,,,,,1.66%,1.112,00,18.46,5.585,26,1.109,57,1.619,17,0%,402%,0.33%,1.66%,1.12%,247.66%,256.38%,97,1.14%,-9.45%,,,,,,,,,,,,
,,,,,,,,,,,,,,,,,,2016,5/20/2016,1.126,00,,,10/31/2016,,10/31/2016,,,,,1.64%,1.126,00,18.46,5.585,26,1.109,57,1.619,17,0%,396%,0.33%,1.66%,1.11%,243.34%,251.95%,97,1.14%,-8.31%,,,,,,,,,,,,
,,,,,,,,,,,,,,,,,,2016,5/23/2016,1.125,00,,,11/7/2016,,11/7/2016,,,,,1.64%,1.125,00,18.46,5.585,26,1.109,57,1.619,17,0%,396%,0.33%,1.66%,1.11%,243.64%,252.27%,97,1.14%,-8.39%,,,,,,,,,,,,
,,,,,,,,,,,,,,,,,,2016,5/24/2016,1.153,00,,,11/14/2016,,11/14/2016,,,,,1.60%,1.153,00,18.46,5.585,26,1.109,57,1.619,17,1%,384%,0.33%,1.66%,1.08%,235.30%,243.71%,97,1.14%,-6.11%,,,,,,,,,,,,
,,,,,,,,,,,,,,,,,,2016,5/25/2016,1.165,00,,,11/21/2016,,11/21/2016,,,,,1.58%,1.165,00,18.46,5.585,26,1.109,57,1.619,17,1%,379%,0.33%,1.66%,1.07%,231.85%,240.17%,97,1.14%,-5.13%,,,,,,,,,,,,
,,,,,,,,,,,,,,,,,,2016,5/26/2016,1.168,00,,,11/28/2016,,11/28/2016,,,,,1.58%,1.168,00,18.46,5.585,26,1.109,57,1.619,17,1%,378%,0.33%,1.66%,1.07%,230.99%,239.30%,97,1.14%,-4.89%,,,,,,,,,,,,
,,,,,,,,,,,,,,,,,,2016,5/27/2016,1.169,00,,,12/5/2016,,12/5/2016,,,,,1.58%,1.169,00,18.46,5.585,26,1.109,57,1.619,17,1%,378%,0.33%,1.66%,1.07%,230.71%,239.01%,97,1.14%,-4.80%,,,,,,,,,,,,
,,,,,,,,,,,,,,,,,,2016,5/31/2016,1.177,00,,,12/12/2016,,12/12/2016,,,,,1.57%,1.177,00,18.46,5.585,26,1.109,57,1.619,17,2%,375%,0.33%,1.66%,1.06%,228.46%,236.70%,97,1.14%,-4.15%,,,,,,,,,,,,
,,,,,,,,,,,,,,,,,,2016,6/1/2016,1.169,00,,,12/19/2016,,12/19/2016,,,,,1.58%,1.169,00,18.46,5.585,26,1.109,57,1.619,17,1%,378%,0.33%,1.66%,1.07%,230.71%,239.01%,97,1.14%,-4.80%,,,,,,,,,,,,
,,,,,,,,,,,,,,,,,,2016,6/2/2016,1.178,00,,,12/28/2016,,12/27/2016,,,,,1.57%,1.178,00,18.46,5.585,26,1.109,57,1.619,17,2%,374%,0.33%,1.66%,1.06%,228.18%,236.42%,97,1.14%,-4.07%,,,,,,,,,,,,
,,,,,,,,,,,,,,,,,,2016,6/3/2016,1.134,00,,,1/3/2017,,1/3/2017,,,,,1.63%,1.134,00,18.46,5.585,26,1.109,57,1.619,17,1%,393%,0.33%,1.66%,1.10%,240.92%,249.47%,97,1.14%,-7.65%,,,,,,,,,,,,
,,,,,,,,,,,,,,,,,,2016,6/6/2016,1.127,00,,,1/9/2017,,1/9/2017,,,,,1.64%,1.127,00,18.46,5.585,26,1.109,57,1.619,17,0%,396%,0.33%,1.66%,1.11%,243.03%,251.64%,97,1.14%,-8.22%,,,,,,,,,,,,
,,,,,,,,,,,,,,,,,,2016,6/7/2016,1.115,00,,,1/16/2017,,1/17/2017,,,,,1.66%,1.115,00,18.46,5.585,26,1.109,57,1.619,17,0%,401%,0.33%,1.66%,1.12%,246.73%,255.43%,97,1.14%,-9.20%,,,,,,,,,,,,
,,,,,,,,,,,,,,,,,,2016,6/8/2016,1.106,00,,,1/23/2017,,1/23/2017,,,,,1.67%,1.106,00,18.46,5.585,26,1.109,57,1.619,17,0%,405%,0.33%,1.66%,1.13%,249.55%,258.32%,97,1.14%,-9.93%,,,,,,,,,,,,
,,,,,,,,,,,,,,,,,,2016,6/9/2016,1.105,00,,,1/30/2017,,1/30/2017,,,,,1.67%,1.105,00,18.46,5.585,26,1.109,57,1.619,17,0%,405%,0.33%,1.66%,1.13%,249.86%,258.64%,97,1.14%,-10.02%,,,,,,,,,,,,
,,,,,,,,,,,,,,,,,,2016,6/10/2016,1.101,00,,,2/6/2017,,2/6/2017,,,,,1.68%,1.101,00,18.46,5.585,26,1.109,57,1.619,17,0%,407%,0.33%,1.66%,1.14%,251.14%,259.95%,97,1.14%,-10.34%,,,,,,,,,,,,
,,,,,,,,,,,,,,,,,,2016,6/13/2016,1.070,00,,,2/13/2017,,2/13/2017,,,,,1.73%,1.070,00,18.46,5.585,26,1.109,57,1.619,17,-1%,422%,0.33%,1.66%,1.17%,261.31%,270.37%,97,1.14%,-12.87%,,,,,,,,,,,,
,,,,,,,,,,,,,,,,,,2016,6/14/2016,1.047,00,,,2/20/2017,,2/21/2017,,,,,1.76%,1.047,00,18.46,5.585,26,1.109,57,1.619,17,-1%,433%,0.33%,1.66%,1.19%,269.25%,278.51%,97,1.14%,-14.74%,,,,,,,,,,,,
,,,,,,,,,,,,,,,,,,2016,6/15/2016,1.026,00,,,2/27/2017,,2/27/2017,,,,,1.80%,1.026,00,18.46,5.585,26,1.109,57,1.619,17,-2%,444%,0.33%,1.66%,1.22%,276.80%,286.26%,97,1.14%,-16.45%,,,,,,,,,,,,
,,,,,,,,,,,,,,,,,,2016,6/16/2016,1.021,00,,,3/6/2017,,3/6/2017,,,,,1.81%,1.021,00,18.46,5.585,26,1.109,57,1.619,17,-2%,447%,0.33%,1.66%,1.22%,278.65%,288.15%,97,1.14%,-16.86%,,,,,,,,,,,,
,,,,,,,,,,,,,,,,,,2016,6/17/2016,1.035,00,,,3/13/2017,,3/13/2017,,,,,1.78%,1.035,00,18.46,5.585,26,1.109,57,1.619,17,-2%,440%,0.33%,1.66%,1.21%,273.53%,282.90%,97,1.14%,-15.72%,,,,,,,,,,,,
,,,,,,,,,,,,,,,,,,2016,6/20/2016,1.061,00,,,3/20/2017,,3/20/2017,,,,,1.74%,1.061,00,18.46,5.585,26,1.109,57,1.619,17,-1%,426%,0.33%,1.66%,1.18%,264.37%,273.52%,97,1.14%,-13.60%,,,,,,,,,,,,
,,,,,,,,,,,,,,,,,,2016,6/21/2016,1.075,00,,,3/27/2017,,3/27/2017,,,,,1.72%,1.075,00,18.46,5.585,26,1.109,57,1.619,17,-1%,420%,0.33%,1.66%,1.16%,259.63%,268.65%,97,1.14%,-12.46%,,,,,,,,,,,,
,,,,,,,,,,,,,,,,,,2016,6/22/2016,1.072,00,,,4/3/2017,,4/3/2017,,,,,1.72%,1.072,00,18.46,5.585,26,1.109,57,1.619,17,-1%,421%,0.33%,1.66%,1.17%,260.63%,269.68%,97,1.14%,-12.70%,,,,,,,,,,,,
,,,,,,,,,,,,,,,,,,2016,6/23/2016,1.099,00,,,4/10/2017,,4/10/2017,,,,,1.68%,1.099,00,18.46,5.585,26,1.109,57,1.619,17,0%,408%,0.33%,1.66%,1.14%,251.77%,260.60%,97,1.14%,-10.50%,,,,,,,,,,,,
,,,,,,,,,,,,,,,,,,2016,6/24/2016,1.076,00,,,4/18/2017,,4/17/2017,,,,,1.72%,1.076,00,18.46,5.585,26,1.109,57,1.619,17,-1%,419%,0.33%,1.66%,1.16%,259.29%,268.31%,97,1.14%,-12.38%,,,,,,,,,,,,
,,,,,,,,,,,,,,,,,,2016,6/27/2016,1.053,00,,,4/24/2017,,4/24/2017,,,,,1.75%,1.053,00,18.46,5.585,26,1.109,57,1.619,17,-1%,430%,0.33%,1.66%,1.19%,267.14%,276.35%,97,1.14%,-14.25%,,,,,,,,,,,,
,,,,,,,,,,,,,,,,,,2016,6/28/2016,1.100,00,,,5/2/2017,,5/1/2017,,,,,1.68%,1.100,00,18.46,5.585,26,1.109,57,1.619,17,0%,408%,0.33%,1.66%,1.14%,251.45%,260.27%,97,1.14%,-10.42%,,,,,,,,,,,,
,,,,,,,,,,,,,,,,,,2016,6/29/2016,1.145,00,,,5/8/2017,,5/8/2017,,,,,1.61%,1.145,00,18.46,5.585,26,1.109,57,1.619,17,1%,388%,0.33%,1.66%,1.09%,237.64%,246.11%,97,1.14%,-6.76%,,,,,,,,,,,,
,,,,,,,,,,,,,,,,,,2016,6/30/2016,1.172,00,,,5/15/2017,,5/15/2017,,,,,1.58%,1.172,00,18.46,5.585,26,1.109,57,1.619,17,1%,377%,0.33%,1.66%,1.07%,229.86%,238.14%,97,1.14%,-4.56%,,,,,,,,,,,,
,,,,,,,,,,,,,,,,,,2016,7/1/2016,1.181,00,,,5/22/2017,,5/22/2017,,,,,1.56%,1.181,00,18.46,5.585,26,1.109,57,1.619,17,2%,373%,0.33%,1.66%,1.06%,227.35%,235.56%,97,1.14%,-3.83%,,,,,,,,,,,,
,,,,,,,,,,,,,,,,,,2016,7/4/2016,1.169,00,,,5/30/2017,,5/30/2017,,,,,1.58%,1.169,00,18.46,5.585,26,1.109,57,1.619,17,1%,378%,0.33%,1.66%,1.07%,230.71%,239.01%,97,1.14%,-4.80%,,,,,,,,,,,,
,,,,,,,,,,,,,,,,,,2016,7/5/2016,1.136,00,,,6/5/2017,,6/5/2017,,,,,1.63%,1.136,00,18.46,5.585,26,1.109,57,1.619,17,1%,392%,0.33%,1.66%,1.10%,240.32%,248.86%,97,1.14%,-7.49%,,,,,,,,,,,,
,,,,,,,,,,,,,,,,,,2016,7/6/2016,1.152,00,,,6/12/2017,,6/12/2017,,,,,1.60%,1.152,00,18.46,5.585,26,1.109,57,1.619,17,1%,385%,0.33%,1.66%,1.09%,235.59%,244.01%,97,1.14%,-6.19%,,,,,,,,,,,,
,,,,,,,,,,,,,,,,,,2016,7/7/2016,1.184,00,,,6/19/2017,,6/19/2017,,,,,1.56%,1.184,00,18.46,5.585,26,1.109,57,1.619,17,2%,372%,0.33%,1.66%,1.06%,226.52%,234.71%,97,1.14%,-3.58%,,,,,,,,,,,,
,,,,,,,,,,,,,,,,,,2016,7/8/2016,1.175,00,,,6/26/2017,,6/26/2017,,,,,1.57%,1.175,00,18.46,5.585,26,1.109,57,1.619,17,1%,375%,0.33%,1.66%,1.06%,229.02%,237.28%,97,1.14%,-4.32%,,,,,,,,,,,,
,,,,,,,,,,,,,,,,,,2016,7/11/2016,1.192,00,,,7/3/2017,,7/3/2017,,,,,1.55%,1.192,00,18.46,5.585,26,1.109,57,1.619,17,2%,369%,0.33%,1.66%,1.05%,224.33%,232.47%,97,1.14%,-2.93%,,,,,,,,,,,,
,,,,,,,,,,,,,,,,,,2016,7/12/2016,1.230,00,,,7/10/2017,,7/10/2017,,,,,1.50%,1.230,00,18.46,5.585,26,1.109,57,1.619,17,3%,354%,0.33%,1.66%,1.02%,214.31%,222.20%,97,1.14%,0.00%,,,,,,,,,,,,
,,,,,,,,,,,,,,,,,,2016,7/13/2016,1.216,00,,,7/17/2017,,7/17/2017,,,,,1.52%,1.216,00,18.46,5.585,26,1.109,57,1.619,17,2%,359%,0.33%,1.66%,1.03%,217.93%,225.90%,97,1.14%,-1.14%,,,,,,,,,,,,
,,,,,,,,,,,,,,,,,,2016,7/14/2016,1.200,00,,,7/24/2017,,7/24/2017,,,,,1.54%,1.200,00,18.46,5.585,26,1.109,57,1.619,17,2%,365%,0.33%,1.66%,1.04%,222.17%,230.25%,97,1.14%,-2.44%,,,,,,,,,,,,
,,,,,,,,,,,,,,,,,,2016,7/15/2016,1.189,00,,,7/31/2017,,7/31/2017,,,,,1.55%,1.189,00,18.46,5.585,26,1.109,57,1.619,17,2%,370%,0.33%,1.66%,1.05%,225.15%,233.31%,97,1.14%,-3.33%,,,,,,,,,,,,
,,,,,,,,,,,,,,,,,,2016,7/18/2016,1.205,00,,,8/7/2017,,8/7/2017,,,,,1.53%,1.205,00,18.46,5.585,26,1.109,57,1.619,17,2%,364%,0.33%,1.66%,1.04%,220.83%,228.88%,97,1.14%,-2.03%,,,,,,,,,,,,
,,,,,,,,,,,,,,,,,,2016,7/19/2016,1.241,00,,,8/14/2017,,8/14/2017,,,,,1.49%,1.241,00,18.46,5.585,26,1.109,57,1.619,17,3%,350%,0.33%,1.66%,1.01%,211.52%,219.34%,97,1.14%,0.00%,,,,,,,,,,,,
,,,,,,,,,,,,,,,,,,2016,7/20/2016,1.259,00,,,8/21/2017,,8/21/2017,,,,,1.47%,1.259,00,18.46,5.585,26,1.109,57,1.619,17,3%,344%,0.33%,1.66%,0.99%,207.07%,214.77%,97,1.14%,0.00%,,,,,,,,,,,,
,,,,,,,,,,,,,,,,,,2016,7/21/2016,1.256,00,,,8/29/2017,,8/28/2017,,,,,1.47%,1.256,00,18.46,5.585,26,1.109,57,1.619,17,3%,345%,0.33%,1.66%,1.00%,207.80%,215.53%,97,1.14%,-0.24%,,,,,,,,,,,,
,,,,,,,,,,,,,,,,,,2016,7/22/2016,1.269,00,,,9/4/2017,,9/5/2017,,,,,1.45%,1.269,00,18.46,5.585,26,1.109,57,1.619,17,4%,340%,0.33%,1.66%,0.99%,204.65%,212.29%,97,1.14%,0.00%,,,,,,,,,,,,
,,,,,,,,,,,,,,,,,,2016,7/25/2016,1.277,00,,,9/11/2017,,9/11/2017,,,,,1.45%,1.277,00,18.46,5.585,26,1.109,57,1.619,17,4%,337%,0.33%,1.66%,0.98%,202.74%,210.34%,97,1.14%,0.00%,,,,,,,,,,,,
,,,,,,,,,,,,,,,,,,2016,7/26/2016,1.296,00,,,9/18/2017,,9/18/2017,,,,,1.42%,1.296,00,18.46,5.585,26,1.109,57,1.619,17,4%,331%,0.33%,1.66%,0.96%,198.30%,205.79%,97,1.14%,0.00%,,,,,,,,,,,,
,,,,,,,,,,,,,,,,,,2016,7/27/2016,1.292,00,,,9/25/2017,,9/25/2017,,,,,1.43%,1.292,00,18.46,5.585,26,1.109,57,1.619,17,4%,332%,0.33%,1.66%,0.97%,199.23%,206.73%,97,1.14%,-0.31%,,,,,,,,,,,,
,,,,,,,,,,,,,,,,,,2016,7/28/2016,1.323,00,,,10/2/2017,,10/2/2017,,,,,1.40%,1.323,00,18.46,5.585,26,1.109,57,1.619,17,5%,322%,0.33%,1.66%,0.94%,192.21%,199.55%,97,1.14%,0.00%,,,,,,,,,,,,
,,,,,,,,,,,,,,,,,,2016,7/29/2016,1.330,00,,,10/9/2017,,10/9/2017,,,,,1.39%,1.330,00,18.46,5.585,26,1.109,57,1.619,17,5%,320%,0.33%,1.66%,0.94%,190.68%,197.97%,97,1.14%,0.00%,,,,,,,,,,,,
,,,,,,,,,,,,,,,,,,2016,8/1/2016,1.325,00,,,10/16/2017,,10/16/2017,,,,,1.39%,1.325,00,18.46,5.585,26,1.109,57,1.619,17,5%,322%,0.33%,1.66%,0.94%,191.77%,199.09%,97,1.14%,-0.38%,,,,,,,,,,,,
,,,,,,,,,,,,,,,,,,2016,8/2/2016,1.319,00,,,10/23/2017,,10/23/2017,,,,,1.40%,1.319,00,18.46,5.585,26,1.109,57,1.619,17,5%,323%,0.33%,1.66%,0.95%,193.10%,200.45%,97,1.14%,-0.83%,,,,,,,,,,,,
,,,,,,,,,,,,,,,,,,2016,8/3/2016,1.323,00,,,10/30/2017,,10/30/2017,,,,,1.40%,1.323,00,18.46,5.585,26,1.109,57,1.619,17,5%,322%,0.33%,1.66%,0.94%,192.21%,199.55%,97,1.14%,-0.53%,,,,,,,,,,,,
,,,,,,,,,,,,,,,,,,2016,8/4/2016,1.366,00,,,11/6/2017,,11/6/2017,,,,,1.35%,1.366,00,18.46,5.585,26,1.109,57,1.619,17,6%,309%,0.33%,1.66%,0.92%,183.02%,190.12%,97,1.14%,0.00%,,,,,,,,,,,,
,,,,,,,,,,,,,,,,,,2016,8/5/2016,1.371,00,,,11/13/2017,,11/13/2017,,,,,1.35%,1.371,00,18.46,5.585,26,1.109,57,1.619,17,6%,307%,0.33%,1.66%,0.91%,181.98%,189.06%,97,1.14%,0.00%,,,,,,,,,,,,
,,,,,,,,,,,,,,,,,,2016,8/8/2016,1.344,00,,,11/20/2017,,11/20/2017,,,,,1.37%,1.344,00,18.46,5.585,26,1.109,57,1.619,17,5%,316%,0.33%,1.66%,0.93%,187.65%,194.87%,97,1.14%,-1.97%,,,,,,,,,,,,
,,,,,,,,,,,,,,,,,,2016,8/9/2016,1.350,00,,,11/27/2017,,11/27/2017,,,,,1.37%,1.350,00,18.46,5.585,26,1.109,57,1.619,17,5%,314%,0.33%,1.66%,0.93%,186.37%,193.56%,97,1.14%,-1.53%,,,,,,,,,,,,
,,,,,,,,,,,,,,,,,,2016,8/10/2016,1.342,00,,,12/4/2017,,12/4/2017,,,,,1.38%,1.342,00,18.46,5.585,26,1.109,57,1.619,17,5%,316%,0.33%,1.66%,0.93%,188.08%,195.31%,97,1.14%,-2.12%,,,,,,,,,,,,
,,,,,,,,,,,,,,,,,,2016,8/11/2016,1.352,00,,,12/11/2017,,12/11/2017,,,,,1.37%,1.352,00,18.46,5.585,26,1.109,57,1.619,17,5%,313%,0.33%,1.66%,0.92%,185.95%,193.12%,97,1.14%,-1.39%,,,,,,,,,,,,
,,,,,,,,,,,,,,,,,,2016,8/12/2016,1.351,00,,,12/18/2017,,12/18/2017,,,,,1.37%,1.351,00,18.46,5.585,26,1.109,57,1.619,17,5%,313%,0.33%,1.66%,0.93%,186.16%,193.34%,97,1.14%,-1.46%,,,,,,,,,,,,
,,,,,,,,,,,,,,,,,,2016,8/15/2016,1.364,00,,,12/27/2017,,12/26/2017,,,,,1.35%,1.364,00,18.46,5.585,26,1.109,57,1.619,17,6%,309%,0.33%,1.66%,0.92%,183.43%,190.54%,97,1.14%,-0.51%,,,,,,,,,,,,
,,,,,,,,,,,,,,,,,,2016,8/16/2016,1.345,00,,,1/2/2018,,1/2/2018,,,,,1.37%,1.345,00,18.46,5.585,26,1.109,57,1.619,17,5%,315%,0.33%,1.66%,0.93%,187.43%,194.65%,97,1.14%,-1.90%,,,,,,,,,,,,
,,,,,,,,,,,,,,,,,,2016,8/17/2016,1.349,00,,,1/8/2018,,1/8/2018,,,,,1.37%,1.349,00,18.46,5.585,26,1.109,57,1.619,17,5%,314%,0.33%,1.66%,0.93%,186.58%,193.77%,97,1.14%,-1.60%,,,,,,,,,,,,
,,,,,,,,,,,,,,,,,,2016,8/18/2016,1.346,00,,,1/15/2018,,1/16/2018,,,,,1.37%,1.346,00,18.46,5.585,26,1.109,57,1.619,17,5%,315%,0.33%,1.66%,0.93%,187.22%,194.43%,97,1.14%,-1.82%,,,,,,,,,,,,
,,,,,,,,,,,,,,,,,,2016,8/19/2016,1.348,00,,,1/22/2018,,1/22/2018,,,,,1.37%,1.348,00,18.46,5.585,26,1.109,57,1.619,17,5%,314%,0.33%,1.66%,0.93%,186.80%,193.99%,97,1.14%,-1.68%,,,,,,,,,,,,
,,,,,,,,,,,,,,,,,,2016,8/22/2016,1.343,00,,,1/29/2018,,1/29/2018,,,,,1.37%,1.343,00,18.46,5.585,26,1.109,57,1.619,17,5%,316%,0.33%,1.66%,0.93%,187.86%,195.09%,97,1.14%,-2.04%,,,,,,,,,,,,
,,,,,,,,,,,,,,,,,,2016,8/23/2016,1.345,00,,,2/5/2018,,2/5/2018,,,,,1.37%,1.345,00,18.46,5.585,26,1.109,57,1.619,17,5%,315%,0.33%,1.66%,0.93%,187.43%,194.65%,97,1.14%,-1.90%,,,,,,,,,,,,
,,,,,,,,,,,,,,,,,,2016,8/24/2016,1.349,00,,,2/12/2018,,2/12/2018,,,,,1.37%,1.349,00,18.46,5.585,26,1.109,57,1.619,17,5%,314%,0.33%,1.66%,0.93%,186.58%,193.77%,97,1.14%,-1.60%,,,,,,,,,,,,
,,,,,,,,,,,,,,,,,,2016,8/25/2016,1.328,00,,,2/19/2018,,2/20/2018,,,,,1.39%,1.328,00,18.46,5.585,26,1.109,57,1.619,17,5%,321%,0.33%,1.66%,0.94%,191.11%,198.42%,97,1.14%,-3.14%,,,,,,,,,,,,
,,,,,,,,,,,,,,,,,,2016,8/26/2016,1.335,00,,,2/26/2018,,2/26/2018,,,,,1.38%,1.335,00,18.46,5.585,26,1.109,57,1.619,17,5%,318%,0.33%,1.66%,0.94%,189.59%,196.85%,97,1.14%,-2.63%,,,,,,,,,,,,
,,,,,,,,,,,,,,,,,,2016,8/30/2016,1.313,00,,,3/5/2018,,3/5/2018,,,,,1.41%,1.313,00,18.46,5.585,26,1.109,57,1.619,17,5%,325%,0.33%,1.66%,0.95%,194.44%,201.83%,97,1.14%,-4.23%,,,,,,,,,,,,
,,,,,,,,,,,,,,,,,,2016,8/31/2016,1.300,00,,,3/12/2018,,3/12/2018,,,,,1.42%,1.300,00,18.46,5.585,26,1.109,57,1.619,17,4%,330%,0.33%,1.66%,0.96%,197.38%,204.85%,97,1.14%,-5.18%,,,,,,,,,,,,
,,,,,,,,,,,,,,,,,,2016,9/1/2016,1.295,00,,,3/19/2018,,3/19/2018,,,,,1.43%,1.295,00,18.46,5.585,26,1.109,57,1.619,17,4%,331%,0.33%,1.66%,0.97%,198.53%,206.02%,97,1.14%,-5.54%,,,,,,,,,,,,
,,,,,,,,,,,,,,,,,,2016,9/2/2016,1.300,00,,,3/26/2018,,3/26/2018,,,,,1.42%,1.300,00,18.46,5.585,26,1.109,57,1.619,17,4%,330%,0.33%,1.66%,0.96%,197.38%,204.85%,97,1.14%,-5.18%,,,,,,,,,,,,
,,,,,,,,,,,,,,,,,,2016,9/5/2016,1.400,00,,,4/3/2018,,4/2/2018,,,,,1.32%,1.400,00,18.46,5.585,26,1.109,57,1.619,17,6%,299%,0.33%,1.66%,0.89%,176.14%,183.07%,97,1.14%,0.00%,,,,,,,,,,,,
,,,,,,,,,,,,,,,,,,2016,9/6/2016,1.375,00,,,4/9/2018,,4/9/2018,,,,,1.34%,1.375,00,18.46,5.585,26,1.109,57,1.619,17,6%,306%,0.33%,1.66%,0.91%,181.16%,188.22%,97,1.14%,-1.79%,,,,,,,,,,,,
,,,,,,,,,,,,,,,,,,2016,9/7/2016,1.384,00,,,4/16/2018,,4/16/2018,,,,,1.33%,1.384,00,18.46,5.585,26,1.109,57,1.619,17,6%,304%,0.33%,1.66%,0.90%,179.34%,186.34%,97,1.14%,-1.14%,,,,,,,,,,,,
,,,,,,,,,,,,,,,,,,2016,9/8/2016,1.354,00,,,4/23/2018,,4/23/2018,,,,,1.36%,1.354,00,18.46,5.585,26,1.109,57,1.619,17,5%,313%,0.33%,1.66%,0.92%,185.52%,192.69%,97,1.14%,-3.29%,,,,,,,,,,,,
,,,,,,,,,,,,,,,,,,2016,9/9/2016,1.334,00,,,4/30/2018,,4/30/2018,,,,,1.38%,1.334,00,18.46,5.585,26,1.109,57,1.619,17,5%,319%,0.33%,1.66%,0.94%,189.81%,197.08%,97,1.14%,-4.71%,,,,,,,,,,,,
,,,,,,,,,,,,,,,,,,2016,9/12/2016,1.360,00,,,5/8/2018,,5/7/2018,,,,,1.36%,1.360,00,18.46,5.585,26,1.109,57,1.619,17,6%,311%,0.33%,1.66%,0.92%,184.26%,191.40%,97,1.14%,-2.86%,,,,,,,,,,,,
,,,,,,,,,,,,,,,,,,2016,9/13/2016,1.358,00,,,5/14/2018,,5/14/2018,,,,,1.36%,1.358,00,18.46,5.585,26,1.109,57,1.619,17,6%,311%,0.33%,1.66%,0.92%,184.68%,191.83%,97,1.14%,-3.00%,,,,,,,,,,,,
,,,,,,,,,,,,,,,,,,2016,9/14/2016,1.366,00,,,5/21/2018,,5/21/2018,,,,,1.35%,1.366,00,18.46,5.585,26,1.109,57,1.619,17,6%,309%,0.33%,1.66%,0.92%,183.02%,190.12%,97,1.14%,-2.43%,,,,,,,,,,,,
,,,,,,,,,,,,,,,,,,2016,9/15/2016,1.360,00,,,5/29/2018,,5/29/2018,,,,,1.36%,1.360,00,18.46,5.585,26,1.109,57,1.619,17,6%,311%,0.33%,1.66%,0.92%,184.26%,191.40%,97,1.14%,-2.86%,,,,,,,,,,,,
,,,,,,,,,,,,,,,,,,2016,9/16/2016,1.380,00,,,6/4/2018,,6/4/2018,,,,,1.34%,1.380,00,18.46,5.585,26,1.109,57,1.619,17,6%,305%,0.33%,1.66%,0.91%,180.14%,187.17%,97,1.14%,-1.43%,,,,,,,,,,,,
,,,,,,,,,,,,,,,,,,2016,9/19/2016,1.379,00,,,6/11/2018,,6/11/2018,,,,,1.34%,1.379,00,18.46,5.585,26,1.109,57,1.619,17,6%,305%,0.33%,1.66%,0.91%,180.35%,187.38%,97,1.14%,-1.50%,,,,,,,,,,,,
,,,,,,,,,,,,,,,,,,2016,9/20/2016,1.364,00,,,6/18/2018,,6/18/2018,,,,,1.35%,1.364,00,18.46,5.585,26,1.109,57,1.619,17,6%,309%,0.33%,1.66%,0.92%,183.43%,190.54%,97,1.14%,-2.57%,,,,,,,,,,,,
,,,,,,,,,,,,,,,,,,2016,9/21/2016,1.364,00,,,6/25/2018,,6/25/2018,,,,,1.35%,1.364,00,18.46,5.585,26,1.109,57,1.619,17,6%,309%,0.33%,1.66%,0.92%,183.43%,190.54%,97,1.14%,-2.57%,,,,,,,,,,,,
,,,,,,,,,,,,,,,,,,2016,9/22/2016,1.342,00,,,7/2/2018,,7/2/2018,,,,,1.38%,1.342,00,18.46,5.585,26,1.109,57,1.619,17,5%,316%,0.33%,1.66%,0.93%,188.08%,195.31%,97,1.14%,-4.14%,,,,,,,,,,,,
,,,,,,,,,,,,,,,,,,2016,9/23/2016,1.332,00,,,7/9/2018,,7/9/2018,,,,,1.39%,1.332,00,18.46,5.585,26,1.109,57,1.619,17,5%,319%,0.33%,1.66%,0.94%,190.24%,197.52%,97,1.14%,-4.86%,,,,,,,,,,,,
,,,,,,,,,,,,,,,,,,2016,9/26/2016,1.328,00,,,7/16/2018,,7/16/2018,,,,,1.39%,1.328,00,18.46,5.585,26,1.109,57,1.619,17,5%,321%,0.33%,1.66%,0.94%,191.11%,198.42%,97,1.14%,-5.14%,,,,,,,,,,,,
,,,,,,,,,,,,,,,,,,2016,9/27/2016,1.323,00,,,7/23/2018,,7/23/2018,,,,,1.40%,1.323,00,18.46,5.585,26,1.109,57,1.619,17,5%,322%,0.33%,1.66%,0.94%,192.21%,199.55%,97,1.14%,-5.50%,,,,,,,,,,,,
,,,,,,,,,,,,,,,,,,2016,9/28/2016,1.372,00,,,7/30/2018,,7/30/2018,,,,,1.35%,1.372,00,18.46,5.585,26,1.109,57,1.619,17,6%,307%,0.33%,1.66%,0.91%,181.78%,188.85%,97,1.14%,-2.00%,,,,,,,,,,,,
,,,,,,,,,,,,,,,,,,2016,9/29/2016,1.378,00,,,8/6/2018,,8/6/2018,,,,,1.34%,1.378,00,18.46,5.585,26,1.109,57,1.619,17,6%,305%,0.33%,1.66%,0.91%,180.55%,187.59%,97,1.14%,-1.57%,,,,,,,,,,,,
,,,,,,,,,,,,,,,,,,2016,9/30/2016,1.393,00,,,8/13/2018,,8/13/2018,,,,,1.33%,1.393,00,18.46,5.585,26,1.109,57,1.619,17,6%,301%,0.33%,1.66%,0.90%,177.53%,184.49%,97,1.14%,-0.50%,,,,,,,,,,,,
,,,,,,,,,,,,,,,,,,2016,10/3/2016,1.417,00,,,8/20/2018,,8/20/2018,,,,,1.30%,1.417,00,18.46,5.585,26,1.109,57,1.619,17,7%,294%,0.33%,1.66%,0.88%,172.83%,179.68%,97,1.14%,0.00%,,,,,,,,,,,,
,,,,,,,,,,,,,,,,,,2016,10/4/2016,1.418,00,,,8/28/2018,,8/27/2018,,,,,1.30%,1.418,00,18.46,5.585,26,1.109,57,1.619,17,7%,294%,0.33%,1.66%,0.88%,172.64%,179.48%,97,1.14%,0.00%,,,,,,,,,,,,
,,,,,,,,,,,,,,,,,,2016,10/5/2016,1.410,00,,,9/3/2018,,9/4/2018,,,,,1.31%,1.410,00,18.46,5.585,26,1.109,57,1.619,17,7%,296%,0.33%,1.66%,0.89%,174.18%,181.06%,97,1.14%,-0.56%,,,,,,,,,,,,
,,,,,,,,,,,,,,,,,,2016,10/6/2016,1.407,00,,,9/10/2018,,9/10/2018,,,,,1.31%,1.407,00,18.46,5.585,26,1.109,57,1.619,17,7%,297%,0.33%,1.66%,0.89%,174.77%,181.66%,97,1.14%,-0.78%,,,,,,,,,,,,
,,,,,,,,,,,,,,,,,,2016,10/7/2016,1.396,00,,,9/17/2018,,9/17/2018,,,,,1.32%,1.396,00,18.46,5.585,26,1.109,57,1.619,17,6%,300%,0.33%,1.66%,0.90%,176.93%,183.88%,97,1.14%,-1.55%,,,,,,,,,,,,
,,,,,,,,,,,,,,,,,,2016,10/10/2016,1.389,00,,,9/24/2018,,9/24/2018,,,,,1.33%,1.389,00,18.46,5.585,26,1.109,57,1.619,17,6%,302%,0.33%,1.66%,0.90%,178.33%,185.31%,97,1.14%,-2.05%,,,,,,,,,,,,
,,,,,,,,,,,,,,,,,,2016,10/11/2016,1.399,00,,,10/1/2018,,10/1/2018,,,,,1.32%,1.399,00,18.46,5.585,26,1.109,57,1.619,17,6%,299%,0.33%,1.66%,0.89%,176.34%,183.27%,97,1.14%,-1.34%,,,,,,,,,,,,
,,,,,,,,,,,,,,,,,,2016,10/12/2016,1.384,00,,,10/8/2018,,10/8/2018,,,,,1.33%,1.384,00,18.46,5.585,26,1.109,57,1.619,17,6%,304%,0.33%,1.66%,0.90%,179.34%,186.34%,97,1.14%,-2.40%,,,,,,,,,,,,
,,,,,,,,,,,,,,,,,,2016,10/13/2016,1.370,00,,,10/15/2018,,10/15/2018,,,,,1.35%,1.370,00,18.46,5.585,26,1.109,57,1.619,17,6%,308%,0.33%,1.66%,0.91%,182.19%,189.27%,97,1.14%,-3.39%,,,,,,,,,,,,
,,,,,,,,,,,,,,,,,,2016,10/14/2016,1.380,00,,,10/22/2018,,10/22/2018,,,,,1.34%,1.380,00,18.46,5.585,26,1.109,57,1.619,17,6%,305%,0.33%,1.66%,0.91%,180.14%,187.17%,97,1.14%,-2.68%,,,,,,,,,,,,
,,,,,,,,,,,,,,,,,,2016,10/17/2016,1.382,00,,,10/29/2018,,10/29/2018,,,,,1.34%,1.382,00,18.46,5.585,26,1.109,57,1.619,17,6%,304%,0.33%,1.66%,0.90%,179.74%,186.76%,97,1.14%,-2.54%,,,,,,,,,,,,
,,,,,,,,,,,,,,,,,,2016,10/18/2016,1.390,00,,,11/5/2018,,11/5/2018,,,,,1.33%,1.390,00,18.46,5.585,26,1.109,57,1.619,17,6%,302%,0.33%,1.66%,0.90%,178.13%,185.11%,97,1.14%,-1.97%,,,,,,,,,,,,
,,,,,,,,,,,,,,,,,,2016,10/19/2016,1.390,00,,,11/12/2018,,11/12/2018,,,,,1.33%,1.390,00,18.46,5.585,26,1.109,57,1.619,17,6%,302%,0.33%,1.66%,0.90%,178.13%,185.11%,97,1.14%,-1.97%,,,,,,,,,,,,
,,,,,,,,,,,,,,,,,,2016,10/20/2016,1.383,00,,,11/19/2018,,11/19/2018,,,,,1.33%,1.383,00,18.46,5.585,26,1.109,57,1.619,17,6%,304%,0.33%,1.66%,0.90%,179.54%,186.55%,97,1.14%,-2.47%,,,,,,,,,,,,
,,,,,,,,,,,,,,,,,,2016,10/21/2016,1.373,00,,,11/26/2018,,11/26/2018,,,,,1.34%,1.373,00,18.46,5.585,26,1.109,57,1.619,17,6%,307%,0.33%,1.66%,0.91%,181.57%,188.64%,97,1.14%,-3.17%,,,,,,,,,,,,
,,,,,,,,,,,,,,,,,,2016,10/24/2016,1.361,00,,,12/3/2018,,12/3/2018,,,,,1.36%,1.361,00,18.46,5.585,26,1.109,57,1.619,17,6%,310%,0.33%,1.66%,0.92%,184.06%,191.18%,97,1.14%,-4.02%,,,,,,,,,,,,
,,,,,,,,,,,,,,,,,,2016,10/25/2016,1.351,00,,,12/10/2018,,12/10/2018,,,,,1.37%,1.351,00,18.46,5.585,26,1.109,57,1.619,17,5%,313%,0.33%,1.66%,0.93%,186.16%,193.34%,97,1.14%,-4.72%,,,,,,,,,,,,
,,,,,,,,,,,,,,,,,,2016,10/26/2016,1.351,00,,,12/17/2018,,12/17/2018,,,,,1.37%,1.351,00,18.46,5.585,26,1.109,57,1.619,17,5%,313%,0.33%,1.66%,0.93%,186.16%,193.34%,97,1.14%,-4.72%,,,,,,,,,,,,
,,,,,,,,,,,,,,,,,,2016,10/27/2016,1.347,00,,,12/24/2018,,12/24/2018,,,,,1.37%,1.347,00,18.46,5.585,26,1.109,57,1.619,17,5%,315%,0.33%,1.66%,0.93%,187.01%,194.21%,97,1.14%,-5.01%,,,,,,,,,,,,
,,,,,,,,,,,,,,,,,,2016,10/28/2016,1.342,00,,,12/31/2018,,12/31/2018,,,,,1.38%,1.342,00,18.46,5.585,26,1.109,57,1.619,17,5%,316%,0.33%,1.66%,0.93%,188.08%,195.31%,97,1.14%,-5.36%,,,,,,,,,,,,
,,,,,,,,,,,,,,,,,,2016,10/31/2016,1.345,00,,,1/7/2019,,1/7/2019,,,,,1.37%,1.345,00,18.46,5.585,26,1.109,57,1.619,17,5%,315%,0.33%,1.66%,0.93%,187.43%,194.65%,97,1.14%,-5.15%,,,,,,,,,,,,
,,,,,,,,,,,,,,,,,,2016,11/1/2016,1.319,00,,,1/14/2019,,1/14/2019,,,,,1.40%,1.319,00,18.46,5.585,26,1.109,57,1.619,17,5%,323%,0.33%,1.66%,0.95%,193.10%,200.45%,97,1.14%,-6.98%,,,,,,,,,,,,
,,,,,,,,,,,,,,,,,,2016,11/2/2016,1.342,00,,,1/21/2019,,1/22/2019,,,,,1.38%,1.342,00,18.46,5.585,26,1.109,57,1.619,17,5%,316%,0.33%,1.66%,0.93%,188.08%,195.31%,97,1.14%,-5.36%,,,,,,,,,,,,
,,,,,,,,,,,,,,,,,,2016,11/3/2016,1.327,00,,,1/28/2019,,1/28/2019,,,,,1.39%,1.327,00,18.46,5.585,26,1.109,57,1.619,17,5%,321%,0.33%,1.66%,0.94%,191.33%,198.64%,97,1.14%,-6.42%,,,,,,,,,,,,
,,,,,,,,,,,,,,,,,,2016,11/4/2016,1.287,00,,,2/4/2019,,2/4/2019,,,,,1.43%,1.287,00,18.46,5.585,26,1.109,57,1.619,17,4%,334%,0.33%,1.66%,0.97%,200.39%,207.93%,97,1.14%,-9.24%,,,,,,,,,,,,
,,,,,,,,,,,,,,,,,,2016,11/7/2016,1.287,00,,,2/11/2019,,2/11/2019,,,,,1.43%,1.287,00,18.46,5.585,26,1.109,57,1.619,17,4%,334%,0.33%,1.66%,0.97%,200.39%,207.93%,97,1.14%,-9.24%,,,,,,,,,,,,
,,,,,,,,,,,,,,,,,,2016,11/8/2016,1.291,00,,,2/18/2019,,2/19/2019,,,,,1.43%,1.291,00,18.46,5.585,26,1.109,57,1.619,17,4%,333%,0.33%,1.66%,0.97%,199.46%,206.97%,97,1.14%,-8.96%,,,,,,,,,,,,
,,,,,,,,,,,,,,,,,,2016,11/9/2016,1.300,00,,,2/25/2019,,2/25/2019,,,,,1.42%,1.300,00,18.46,5.585,26,1.109,57,1.619,17,4%,330%,0.33%,1.66%,0.96%,197.38%,204.85%,97,1.14%,-8.32%,,,,,,,,,,,,
,,,,,,,,,,,,,,,,,,2016,11/10/2016,1.301,00,,,3/4/2019,,3/4/2019,,,,,1.42%,1.301,00,18.46,5.585,26,1.109,57,1.619,17,4%,329%,0.33%,1.66%,0.96%,197.16%,204.61%,97,1.14%,-8.25%,,,,,,,,,,,,
,,,,,,,,,,,,,,,,,,2016,11/11/2016,1.300,00,,,3/11/2019,,3/11/2019,,,,,1.42%,1.300,00,18.46,5.585,26,1.109,57,1.619,17,4%,330%,0.33%,1.66%,0.96%,197.38%,204.85%,97,1.14%,-8.32%,,,,,,,,,,,,
,,,,,,,,,,,,,,,,,,2016,11/14/2016,1.274,00,,,3/18/2019,,3/18/2019,,,,,1.45%,1.274,00,18.46,5.585,26,1.109,57,1.619,17,4%,338%,0.33%,1.66%,0.98%,203.45%,211.07%,97,1.14%,-10.16%,,,,,,,,,,,,
,,,,,,,,,,,,,,,,,,2016,11/15/2016,1.265,00,,,3/25/2019,,3/25/2019,,,,,1.46%,1.265,00,18.46,5.585,26,1.109,57,1.619,17,3%,342%,0.33%,1.66%,0.99%,205.61%,213.28%,97,1.14%,-10.79%,,,,,,,,,,,,
,,,,,,,,,,,,,,,,,,2016,11/16/2016,1.267,00,,,4/1/2019,,4/1/2019,,,,,1.46%,1.267,00,18.46,5.585,26,1.109,57,1.619,17,4%,341%,0.33%,1.66%,0.99%,205.13%,212.79%,97,1.14%,-10.65%,,,,,,,,,,,,
,,,,,,,,,,,,,,,,,,2016,11/17/2016,1.284,00,,,4/8/2019,,4/8/2019,,,,,1.44%,1.284,00,18.46,5.585,26,1.109,57,1.619,17,4%,335%,0.33%,1.66%,0.97%,201.09%,208.64%,97,1.14%,-9.45%,,,,,,,,,,,,
,,,,,,,,,,,,,,,,,,2016,11/18/2016,1.288,00,,,4/15/2019,,4/15/2019,,,,,1.43%,1.288,00,18.46,5.585,26,1.109,57,1.619,17,4%,334%,0.33%,1.66%,0.97%,200.16%,207.69%,97,1.14%,-9.17%,,,,,,,,,,,,
,,,,,,,,,,,,,,,,,,2016,11/21/2016,1.291,00,,,4/23/2019,,4/22/2019,,,,,1.43%,1.291,00,18.46,5.585,26,1.109,57,1.619,17,4%,333%,0.33%,1.66%,0.97%,199.46%,206.97%,97,1.14%,-8.96%,,,,,,,,,,,,
,,,,,,,,,,,,,,,,,,2016,11/22/2016,1.293,00,,,4/29/2019,,4/29/2019,,,,,1.43%,1.293,00,18.46,5.585,26,1.109,57,1.619,17,4%,332%,0.33%,1.66%,0.97%,198.99%,206.50%,97,1.14%,-8.82%,,,,,,,,,,,,
,,,,,,,,,,,,,,,,,,2016,11/23/2016,1.268,00,,,5/7/2019,,5/6/2019,,,,,1.46%,1.268,00,18.46,5.585,26,1.109,57,1.619,17,4%,340%,0.33%,1.66%,0.99%,204.89%,212.54%,97,1.14%,-10.58%,,,,,,,,,,,,
,,,,,,,,,,,,,,,,,,2016,11/24/2016,1.265,00,,,5/13/2019,,5/13/2019,,,,,1.46%,1.265,00,18.46,5.585,26,1.109,57,1.619,17,3%,342%,0.33%,1.66%,0.99%,205.61%,213.28%,97,1.14%,-10.79%,,,,,,,,,,,,
,,,,,,,,,,,,,,,,,,2016,11/25/2016,1.290,00,,,5/20/2019,,5/20/2019,,,,,1.43%,1.290,00,18.46,5.585,26,1.109,57,1.619,17,4%,333%,0.33%,1.66%,0.97%,199.69%,207.21%,97,1.14%,-9.03%,,,,,,,,,,,,
,,,,,,,,,,,,,,,,,,2016,11/28/2016,1.292,00,,,5/28/2019,,5/28/2019,,,,,1.43%,1.292,00,18.46,5.585,26,1.109,57,1.619,17,4%,332%,0.33%,1.66%,0.97%,199.23%,206.73%,97,1.14%,-8.89%,,,,,,,,,,,,
,,,,,,,,,,,,,,,,,,2016,11/29/2016,1.272,00,,,6/3/2019,,6/3/2019,,,,,1.45%,1.272,00,18.46,5.585,26,1.109,57,1.619,17,4%,339%,0.33%,1.66%,0.98%,203.93%,211.56%,97,1.14%,-10.30%,,,,,,,,,,,,
,,,,,,,,,,,,,,,,,,2016,11/30/2016,1.274,00,,,6/10/2019,,6/10/2019,,,,,1.45%,1.274,00,18.46,5.585,26,1.109,57,1.619,17,4%,338%,0.33%,1.66%,0.98%,203.45%,211.07%,97,1.14%,-10.16%,,,,,,,,,,,,
,,,,,,,,,,,,,,,,,,2016,12/1/2016,1.272,00,,,6/17/2019,,6/17/2019,,,,,1.45%,1.272,00,18.46,5.585,26,1.109,57,1.619,17,4%,339%,0.33%,1.66%,0.98%,203.93%,211.56%,97,1.14%,-10.30%,,,,,,,,,,,,
,,,,,,,,,,,,,,,,,,2016,12/2/2016,1.243,00,,,6/24/2019,,6/24/2019,,,,,1.49%,1.243,00,18.46,5.585,26,1.109,57,1.619,17,3%,349%,0.33%,1.66%,1.01%,211.02%,218.83%,97,1.14%,-12.34%,,,,,,,,,,,,
,,,,,,,,,,,,,,,,,,2016,12/5/2016,1.246,00,,,7/1/2019,,7/1/2019,,,,,1.48%,1.246,00,18.46,5.585,26,1.109,57,1.619,17,3%,348%,0.33%,1.66%,1.00%,210.27%,218.06%,97,1.14%,-12.13%,,,,,,,,,,,,
,,,,,,,,,,,,,,,,,,2016,12/6/2016,1.235,00,,,7/8/2019,,7/8/2019,,,,,1.49%,1.235,00,18.46,5.585,26,1.109,57,1.619,17,3%,352%,0.33%,1.66%,1.01%,213.04%,220.89%,97,1.14%,-12.91%,,,,,,,,,,,,
,,,,,,,,,,,,,,,,,,2016,12/7/2016,1.236,00,,,7/15/2019,,7/15/2019,,,,,1.49%,1.236,00,18.46,5.585,26,1.109,57,1.619,17,3%,352%,0.33%,1.66%,1.01%,212.78%,220.63%,97,1.14%,-12.83%,,,,,,,,,,,,
,,,,,,,,,,,,,,,,,,2016,12/8/2016,1.236,00,,,7/22/2019,,7/22/2019,,,,,1.49%,1.236,00,18.46,5.585,26,1.109,57,1.619,17,3%,352%,0.33%,1.66%,1.01%,212.78%,220.63%,97,1.14%,-12.83%,,,,,,,,,,,,
,,,,,,,,,,,,,,,,,,2016,12/9/2016,1.265,00,,,7/29/2019,,7/29/2019,,,,,1.46%,1.265,00,18.46,5.585,26,1.109,57,1.619,17,3%,342%,0.33%,1.66%,0.99%,205.61%,213.28%,97,1.14%,-10.79%,,,,,,,,,,,,
,,,,,,,,,,,,,,,,,,2016,12/12/2016,1.266,00,,,8/5/2019,,8/5/2019,,,,,1.46%,1.266,00,18.46,5.585,26,1.109,57,1.619,17,3%,341%,0.33%,1.66%,0.99%,205.37%,213.03%,97,1.14%,-10.72%,,,,,,,,,,,,
,,,,,,,,,,,,,,,,,,2016,12/13/2016,1.285,00,,,8/12/2019,,8/12/2019,,,,,1.44%,1.285,00,18.46,5.585,26,1.109,57,1.619,17,4%,335%,0.33%,1.66%,0.97%,200.86%,208.40%,97,1.14%,-9.38%,,,,,,,,,,,,
,,,,,,,,,,,,,,,,,,2016,12/14/2016,1.288,00,,,8/19/2019,,8/19/2019,,,,,1.43%,1.288,00,18.46,5.585,26,1.109,57,1.619,17,4%,334%,0.33%,1.66%,0.97%,200.16%,207.69%,97,1.14%,-9.17%,,,,,,,,,,,,
,,,,,,,,,,,,,,,,,,2016,12/15/2016,1.311,00,,,8/26/2019,,8/26/2019,,,,,1.41%,1.311,00,18.46,5.585,26,1.109,57,1.619,17,5%,326%,0.33%,1.66%,0.95%,194.89%,202.29%,97,1.14%,-7.55%,,,,,,,,,,,,
,,,,,,,,,,,,,,,,,,2016,12/16/2016,1.327,00,,,9/2/2019,,9/3/2019,,,,,1.39%,1.327,00,18.46,5.585,26,1.109,57,1.619,17,5%,321%,0.33%,1.66%,0.94%,191.33%,198.64%,97,1.14%,-6.42%,,,,,,,,,,,,
,,,,,,,,,,,,,,,,,,2016,12/19/2016,1.318,00,,,9/9/2019,,9/9/2019,,,,,1.40%,1.318,00,18.46,5.585,26,1.109,57,1.619,17,5%,324%,0.33%,1.66%,0.95%,193.32%,200.68%,97,1.14%,-7.05%,,,,,,,,,,,,
,,,,,,,,,,,,,,,,,,2016,12/20/2016,1.322,00,,,9/16/2019,,9/16/2019,,,,,1.40%,1.322,00,18.46,5.585,26,1.109,57,1.619,17,5%,322%,0.33%,1.66%,0.95%,192.44%,199.77%,97,1.14%,-6.77%,,,,,,,,,,,,
,,,,,,,,,,,,,,,,,,2016,12/21/2016,1.316,00,,,9/23/2019,,9/23/2019,,,,,1.40%,1.316,00,18.46,5.585,26,1.109,57,1.619,17,5%,324%,0.33%,1.66%,0.95%,193.77%,201.14%,97,1.14%,-7.19%,,,,,,,,,,,,
,,,,,,,,,,,,,,,,,,2016,12/22/2016,1.332,00,,,9/30/2019,,9/30/2019,,,,,1.39%,1.332,00,18.46,5.585,26,1.109,57,1.619,17,5%,319%,0.33%,1.66%,0.94%,190.24%,197.52%,97,1.14%,-6.06%,,,,,,,,,,,,
,,,,,,,,,,,,,,,,,,2016,12/23/2016,1.328,00,,,10/7/2019,,10/7/2019,,,,,1.39%,1.328,00,18.46,5.585,26,1.109,57,1.619,17,5%,321%,0.33%,1.66%,0.94%,191.11%,198.42%,97,1.14%,-6.35%,,,,,,,,,,,,
,,,,,,,,,,,,,,,,,,2016,12/28/2016,1.344,00,,,10/14/2019,,10/14/2019,,,,,1.37%,1.344,00,18.46,5.585,26,1.109,57,1.619,17,5%,316%,0.33%,1.66%,0.93%,187.65%,194.87%,97,1.14%,-5.22%,,,,,,,,,,,,
,,,,,,,,,,,,,,,,,,2016,12/29/2016,1.342,00,,,10/21/2019,,10/21/2019,,,,,1.38%,1.342,00,18.46,5.585,26,1.109,57,1.619,17,5%,316%,0.33%,1.66%,0.93%,188.08%,195.31%,97,1.14%,-5.36%,,,,,,,,,,,,
,,,,,,,,,,,,,,,,,,2016,12/30/2016,1.345,00,,,10/28/2019,,10/28/2019,,,,,1.37%,1.345,00,18.46,5.585,26,1.109,57,1.619,17,5%,315%,0.33%,1.66%,0.93%,187.43%,194.65%,97,1.14%,-5.15%,,,,,,,,,,,,
,,,,,,,,,,,,,,,,,,2017,1/3/2017,1.345,00,,,11/4/2019,,11/4/2019,,,,,1.59%,1.345,00,21.44,6.486,89,1.288,69,1.880,56,1%,382%,0.33%,1.66%,0.93%,187.43%,193.27%,78.54,1.14%,-5.15%,,,,,,,,,,,,
,,,,,,,,,,,,,,,,,,2017,1/4/2017,1.336,00,,,11/11/2019,,11/11/2019,,,,,1.60%,1.336,00,21.44,6.486,89,1.288,69,1.880,56,1%,386%,0.33%,1.66%,0.94%,189.37%,195.25%,78.54,1.14%,-5.78%,,,,,,,,,,,,
,,,,,,,,,,,,,,,,,,2017,1/5/2017,1.348,00,,,11/18/2019,,11/18/2019,,,,,1.59%,1.348,00,21.44,6.486,89,1.288,69,1.880,56,1%,381%,0.33%,1.66%,0.93%,186.80%,192.62%,78.54,1.14%,-4.94%,,,,,,,,,,,,
,,,,,,,,,,,,,,,,,,2017,1/6/2017,1.356,00,,,11/25/2019,,11/25/2019,,,,,1.58%,1.356,00,21.44,6.486,89,1.288,69,1.880,56,1%,378%,0.33%,1.66%,0.92%,185.10%,190.90%,78.54,1.14%,-4.37%,,,,,,,,,,,,
,,,,,,,,,,,,,,,,,,2017,1/9/2017,1.370,00,,,12/2/2019,,12/2/2019,,,,,1.56%,1.370,00,21.44,6.486,89,1.288,69,1.880,56,2%,373%,0.33%,1.66%,0.91%,182.19%,187.92%,78.54,1.14%,-3.39%,,,,,,,,,,,,
,,,,,,,,,,,,,,,,,,2017,1/10/2017,1.368,00,,,12/9/2019,,12/9/2019,,,,,1.57%,1.368,00,21.44,6.486,89,1.288,69,1.880,56,2%,374%,0.33%,1.66%,0.91%,182.60%,188.34%,78.54,1.14%,-3.53%,,,,,,,,,,,,
,,,,,,,,,,,,,,,,,,2017,1/11/2017,1.368,00,,,12/16/2019,,12/16/2019,,,,,1.57%,1.368,00,21.44,6.486,89,1.288,69,1.880,56,2%,374%,0.33%,1.66%,0.91%,182.60%,188.34%,78.54,1.14%,-3.53%,,,,,,,,,,,,
,,,,,,,,,,,,,,,,,,2017,1/12/2017,1.365,00,,,12/23/2019,,12/23/2019,,,,,1.57%,1.365,00,21.44,6.486,89,1.288,69,1.880,56,1%,375%,0.33%,1.66%,0.92%,183.22%,188.98%,78.54,1.14%,-3.74%,,,,,,,,,,,,
,,,,,,,,,,,,,,,,,,2017,1/13/2017,1.368,00,,,12/30/2019,,12/30/2019,,,,,1.57%,1.368,00,21.44,6.486,89,1.288,69,1.880,56,2%,374%,0.33%,1.66%,0.91%,182.60%,188.34%,78.54,1.14%,-3.53%,,,,,,,,,,,,
,,,,,,,,,,,,,,,,,,2017,1/16/2017,1.366,00,,,1/6/2020,,1/6/2020,,,,,1.57%,1.366,00,21.44,6.486,89,1.288,69,1.880,56,1%,375%,0.33%,1.66%,0.92%,183.02%,188.77%,78.54,1.14%,-3.67%,,,,,,,,,,,,
,,,,,,,,,,,,,,,,,,2017,1/17/2017,1.422,00,,,1/13/2020,,1/13/2020,,,,,1.51%,1.422,00,21.44,6.486,89,1.288,69,1.880,56,3%,356%,0.33%,1.66%,0.88%,171.87%,177.39%,78.54,1.14%,0.00%,,,,,,,,,,,,
,,,,,,,,,,,,,,,,,,2017,1/18/2017,1.443,00,,,1/20/2020,,1/21/2020,,,,,1.49%,1.443,00,21.44,6.486,89,1.288,69,1.880,56,3%,350%,0.33%,1.66%,0.87%,167.91%,173.36%,78.54,1.14%,0.00%,,,,,,,,,,,,
,,,,,,,,,,,,,,,,,,2017,1/19/2017,1.439,00,,,1/27/2020,,1/27/2020,,,,,1.49%,1.439,00,21.44,6.486,89,1.288,69,1.880,56,3%,351%,0.33%,1.66%,0.87%,168.66%,174.12%,78.54,1.14%,-0.28%,,,,,,,,,,,,
,,,,,,,,,,,,,,,,,,2017,1/20/2017,1.422,00,,,2/3/2020,,2/3/2020,,,,,1.51%,1.422,00,21.44,6.486,89,1.288,69,1.880,56,3%,356%,0.33%,1.66%,0.88%,171.87%,177.39%,78.54,1.14%,-1.46%,,,,,,,,,,,,
,,,,,,,,,,,,,,,,,,2017,1/23/2017,1.416,00,,,2/10/2020,,2/10/2020,,,,,1.51%,1.416,00,21.44,6.486,89,1.288,69,1.880,56,2%,358%,0.33%,1.66%,0.88%,173.02%,178.57%,78.54,1.14%,-1.87%,,,,,,,,,,,,
,,,,,,,,,,,,,,,,,,2017,1/24/2017,1.405,00,,,2/17/2020,,2/18/2020,,,,,1.53%,1.405,00,21.44,6.486,89,1.288,69,1.880,56,2%,362%,0.33%,1.66%,0.89%,175.16%,180.75%,78.54,1.14%,-2.63%,,,,,,,,,,,,
,,,,,,,,,,,,,,,,,,2017,1/25/2017,1.404,00,,,2/24/2020,,2/24/2020,,,,,1.53%,1.404,00,21.44,6.486,89,1.288,69,1.880,56,2%,362%,0.33%,1.66%,0.89%,175.36%,180.95%,78.54,1.14%,-2.70%,,,,,,,,,,,,
,,,,,,,,,,,,,,,,,,2017,1/26/2017,1.430,00,,,3/2/2020,,3/2/2020,,,,,1.50%,1.430,00,21.44,6.486,89,1.288,69,1.880,56,3%,354%,0.33%,1.66%,0.87%,170.35%,175.84%,78.54,1.14%,-0.90%,,,,,,,,,,,,
,,,,,,,,,,,,,,,,,,2017,1/27/2017,1.443,00,,,3/9/2020,,3/9/2020,,,,,1.49%,1.443,00,21.44,6.486,89,1.288,69,1.880,56,3%,350%,0.33%,1.66%,0.87%,167.91%,173.36%,78.54,1.14%,0.00%,,,,,,,,,,,,
,,,,,,,,,,,,,,,,,,2017,1/30/2017,1.465,00,,,3/16/2020,,3/16/2020,,,,,1.46%,1.465,00,21.44,6.486,89,1.288,69,1.880,56,3%,343%,0.33%,1.66%,0.85%,163.89%,169.25%,78.54,1.14%,0.00%,,,,,,,,,,,,
,,,,,,,,,,,,,,,,,,2017,1/31/2017,1.456,00,,,3/23/2020,,3/23/2020,,,,,1.47%,1.456,00,21.44,6.486,89,1.288,69,1.880,56,3%,346%,0.33%,1.66%,0.86%,165.52%,170.92%,78.54,1.14%,-0.61%,,,,,,,,,,,,
,,,,,,,,,,,,,,,,,,2017,2/1/2017,1.478,00,,,3/30/2020,,3/30/2020,,,,,1.45%,1.478,00,21.44,6.486,89,1.288,69,1.880,56,4%,339%,0.33%,1.66%,0.85%,161.57%,166.88%,78.54,1.14%,0.00%,,,,,,,,,,,,
,,,,,,,,,,,,,,,,,,2017,2/2/2017,1.469,00,,,4/6/2020,,4/6/2020,,,,,1.46%,1.469,00,21.44,6.486,89,1.288,69,1.880,56,3%,342%,0.33%,1.66%,0.85%,163.17%,168.52%,78.54,1.14%,-0.61%,,,,,,,,,,,,
,,,,,,,,,,,,,,,,,,2017,2/3/2017,1.497,00,,,4/14/2020,,4/13/2020,,,,,1.43%,1.497,00,21.44,6.486,89,1.288,69,1.880,56,4%,333%,0.33%,1.66%,0.84%,158.25%,163.50%,78.54,1.14%,0.00%,,,,,,,,,,,,
,,,,,,,,,,,,,,,,,,2017,2/6/2017,1.518,00,,,4/20/2020,,4/20/2020,,,,,1.41%,1.518,00,21.44,6.486,89,1.288,69,1.880,56,4%,327%,0.33%,1.66%,0.82%,154.68%,159.85%,78.54,1.14%,0.00%,,,,,,,,,,,,
,,,,,,,,,,,,,,,,,,2017,2/7/2017,1.555,00,,,4/27/2020,,4/27/2020,,,,,1.38%,1.555,00,21.44,6.486,89,1.288,69,1.880,56,5%,317%,0.33%,1.66%,0.80%,148.62%,153.67%,78.54,1.14%,0.00%,,,,,,,,,,,,
,,,,,,,,,,,,,,,,,,2017,2/8/2017,1.544,00,,,5/4/2020,,5/4/2020,,,,,1.39%,1.544,00,21.44,6.486,89,1.288,69,1.880,56,5%,320%,0.33%,1.66%,0.81%,150.39%,155.48%,78.54,1.14%,-0.71%,,,,,,,,,,,,
,,,,,,,,,,,,,,,,,,2017,2/9/2017,1.548,00,,,5/11/2020,,5/11/2020,,,,,1.39%,1.548,00,21.44,6.486,89,1.288,69,1.880,56,5%,319%,0.33%,1.66%,0.81%,149.74%,154.82%,78.54,1.14%,-0.45%,,,,,,,,,,,,
,,,,,,,,,,,,,,,,,,2017,2/10/2017,1.578,00,,,5/18/2020,,5/18/2020,,,,,1.36%,1.578,00,21.44,6.486,89,1.288,69,1.880,56,6%,311%,0.33%,1.66%,0.79%,144.99%,149.97%,78.54,1.14%,0.00%,,,,,,,,,,,,
,,,,,,,,,,,,,,,,,,2017,2/13/2017,1.562,00,,,5/25/2020,,5/26/2020,,,,,1.37%,1.562,00,21.44,6.486,89,1.288,69,1.880,56,5%,315%,0.33%,1.66%,0.80%,147.50%,152.53%,78.54,1.14%,-1.01%,,,,,,,,,,,,
,,,,,,,,,,,,,,,,,,2017,2/14/2017,1.560,00,,,6/1/2020,,6/1/2020,,,,,1.37%,1.560,00,21.44,6.486,89,1.288,69,1.880,56,5%,316%,0.33%,1.66%,0.80%,147.82%,152.86%,78.54,1.14%,-1.14%,,,,,,,,,,,,
,,,,,,,,,,,,,,,,,,2017,2/15/2017,1.561,00,,,6/8/2020,,6/8/2020,,,,,1.37%,1.561,00,21.44,6.486,89,1.288,69,1.880,56,5%,316%,0.33%,1.66%,0.80%,147.66%,152.69%,78.54,1.14%,-1.08%,,,,,,,,,,,,
,,,,,,,,,,,,,,,,,,2017,2/16/2017,1.554,00,,,6/15/2020,,6/15/2020,,,,,1.38%,1.554,00,21.44,6.486,89,1.288,69,1.880,56,5%,317%,0.33%,1.66%,0.80%,148.78%,153.83%,78.54,1.14%,-1.52%,,,,,,,,,,,,
,,,,,,,,,,,,,,,,,,2017,2/17/2017,1.550,00,,,6/22/2020,,6/22/2020,,,,,1.38%,1.550,00,21.44,6.486,89,1.288,69,1.880,56,5%,319%,0.33%,1.66%,0.81%,149.42%,154.49%,78.54,1.14%,-1.77%,,,,,,,,,,,,
,,,,,,,,,,,,,,,,,,2017,2/20/2017,1.555,00,,,6/29/2020,,6/29/2020,,,,,1.38%,1.555,00,21.44,6.486,89,1.288,69,1.880,56,5%,317%,0.33%,1.66%,0.80%,148.62%,153.67%,78.54,1.14%,-1.46%,,,,,,,,,,,,
,,,,,,,,,,,,,,,,,,2017,2/21/2017,1.555,00,,,7/6/2020,,7/6/2020,,,,,1.38%,1.555,00,21.44,6.486,89,1.288,69,1.880,56,5%,317%,0.33%,1.66%,0.80%,148.62%,153.67%,78.54,1.14%,-1.46%,,,,,,,,,,,,
,,,,,,,,,,,,,,,,,,2017,2/22/2017,1.551,00,,,7/13/2020,,7/13/2020,,,,,1.38%,1.551,00,21.44,6.486,89,1.288,69,1.880,56,5%,318%,0.33%,1.66%,0.81%,149.26%,154.32%,78.54,1.14%,-1.71%,,,,,,,,,,,,
,,,,,,,,,,,,,,,,,,2017,2/23/2017,1.538,00,,,7/20/2020,,7/20/2020,,,,,1.39%,1.538,00,21.44,6.486,89,1.288,69,1.880,56,5%,322%,0.33%,1.66%,0.81%,151.37%,156.47%,78.54,1.14%,-2.53%,,,,,,,,,,,,
,,,,,,,,,,,,,,,,,,2017,2/24/2017,1.540,00,,,7/27/2020,,7/27/2020,,,,,1.39%,1.540,00,21.44,6.486,89,1.288,69,1.880,56,5%,321%,0.33%,1.66%,0.81%,151.04%,156.14%,78.54,1.14%,-2.41%,,,,,,,,,,,,
,,,,,,,,,,,,,,,,,,2017,2/27/2017,1.599,00,,,8/3/2020,,8/3/2020,,,,,1.34%,1.599,00,21.44,6.486,89,1.288,69,1.880,56,6%,306%,0.33%,1.66%,0.78%,141.78%,146.69%,78.54,1.14%,0.00%,,,,,,,,,,,,
,,,,,,,,,,,,,,,,,,2017,2/28/2017,1.610,00,,,8/10/2020,,8/10/2020,,,,,1.33%,1.610,00,21.44,6.486,89,1.288,69,1.880,56,6%,303%,0.33%,1.66%,0.78%,140.12%,145.00%,78.54,1.14%,0.00%,,,,,,,,,,,,
,,,,,,,,,,,,,,,,,,2017,3/1/2017,1.679,00,,,8/17/2020,,8/17/2020,,,,,1.28%,1.679,00,21.44,6.486,89,1.288,69,1.880,56,8%,286%,0.33%,1.66%,0.74%,130.26%,134.93%,78.54,1.14%,0.00%,,,,,,,,,,,,
,,,,,,,,,,,,,,,,,,2017,3/2/2017,1.698,00,,,8/24/2020,,8/24/2020,,,,,1.26%,1.698,00,21.44,6.486,89,1.288,69,1.880,56,8%,282%,0.33%,1.66%,0.74%,127.68%,132.31%,78.54,1.14%,0.00%,,,,,,,,,,,,
,,,,,,,,,,,,,,,,,,2017,3/3/2017,1.666,00,,,8/31/2020,,8/31/2020,,,,,1.29%,1.666,00,21.44,6.486,89,1.288,69,1.880,56,7%,289%,0.33%,1.66%,0.75%,132.05%,136.77%,78.54,1.14%,-1.88%,,,,,,,,,,,,
,,,,,,,,,,,,,,,,,,2017,3/6/2017,1.667,00,,,9/7/2020,,9/8/2020,,,,,1.29%,1.667,00,21.44,6.486,89,1.288,69,1.880,56,7%,289%,0.33%,1.66%,0.75%,131.91%,136.63%,78.54,1.14%,-1.83%,,,,,,,,,,,,
,,,,,,,,,,,,,,,,,,2017,3/7/2017,1.652,00,,,9/14/2020,,9/14/2020,,,,,1.30%,1.652,00,21.44,6.486,89,1.288,69,1.880,56,7%,293%,0.33%,1.66%,0.76%,134.02%,138.77%,78.54,1.14%,-2.71%,,,,,,,,,,,,
,,,,,,,,,,,,,,,,,,2017,3/8/2017,1.658,00,,,9/21/2020,,9/21/2020,,,,,1.29%,1.658,00,21.44,6.486,89,1.288,69,1.880,56,7%,291%,0.33%,1.66%,0.75%,133.17%,137.91%,78.54,1.14%,-2.36%,,,,,,,,,,,,
,,,,,,,,,,,,,,,,,,2017,3/9/2017,1.645,00,,,9/28/2020,,9/28/2020,,,,,1.30%,1.645,00,21.44,6.486,89,1.288,69,1.880,56,7%,294%,0.33%,1.66%,0.76%,135.02%,139.79%,78.54,1.14%,-3.12%,,,,,,,,,,,,
,,,,,,,,,,,,,,,,,,2017,3/10/2017,1.664,00,,,10/5/2020,,10/5/2020,,,,,1.29%,1.664,00,21.44,6.486,89,1.288,69,1.880,56,7%,290%,0.33%,1.66%,0.75%,132.33%,137.05%,78.54,1.14%,-2.00%,,,,,,,,,,,,
,,,,,,,,,,,,,,,,,,2017,3/13/2017,1.663,00,,,10/12/2020,,10/12/2020,,,,,1.29%,1.663,00,21.44,6.486,89,1.288,69,1.880,56,7%,290%,0.33%,1.66%,0.75%,132.47%,137.19%,78.54,1.14%,-2.06%,,,,,,,,,,,,
,,,,,,,,,,,,,,,,,,2017,3/14/2017,1.708,00,,,10/19/2020,,10/19/2020,,,,,1.26%,1.708,00,21.44,6.486,89,1.288,69,1.880,56,8%,280%,0.33%,1.66%,0.73%,126.35%,130.94%,78.54,1.14%,0.00%,,,,,,,,,,,,
,,,,,,,,,,,,,,,,,,2017,3/15/2017,1.680,00,,,10/26/2020,,10/26/2020,,,,,1.28%,1.680,00,21.44,6.486,89,1.288,69,1.880,56,8%,286%,0.33%,1.66%,0.74%,130.12%,134.79%,78.54,1.14%,-1.64%,,,,,,,,,,,,
,,,,,,,,,,,,,,,,,,2017,3/16/2017,1.670,00,,,11/2/2020,,11/2/2020,,,,,1.28%,1.670,00,21.44,6.486,89,1.288,69,1.880,56,7%,288%,0.33%,1.66%,0.75%,131.50%,136.20%,78.54,1.14%,-2.22%,,,,,,,,,,,,
,,,,,,,,,,,,,,,,,,2017,3/17/2017,1.689,00,,,11/9/2020,,11/9/2020,,,,,1.27%,1.689,00,21.44,6.486,89,1.288,69,1.880,56,8%,284%,0.33%,1.66%,0.74%,128.89%,133.54%,78.54,1.14%,-1.11%,,,,,,,,,,,,
,,,,,,,,,,,,,,,,,,2017,3/20/2017,1.684,00,,,11/16/2020,,11/16/2020,,,,,1.27%,1.684,00,21.44,6.486,89,1.288,69,1.880,56,8%,285%,0.33%,1.66%,0.74%,129.57%,134.24%,78.54,1.14%,-1.41%,,,,,,,,,,,,
,,,,,,,,,,,,,,,,,,2017,3/21/2017,1.675,00,,,11/23/2020,,11/23/2020,,,,,1.28%,1.675,00,21.44,6.486,89,1.288,69,1.880,56,7%,287%,0.33%,1.66%,0.75%,130.81%,135.49%,78.54,1.14%,-1.93%,,,,,,,,,,,,
,,,,,,,,,,,,,,,,,,2017,3/22/2017,1.692,00,,,11/30/2020,,11/30/2020,,,,,1.27%,1.692,00,21.44,6.486,89,1.288,69,1.880,56,8%,283%,0.33%,1.66%,0.74%,128.49%,133.13%,78.54,1.14%,-0.94%,,,,,,,,,,,,
,,,,,,,,,,,,,,,,,,2017,3/23/2017,1.699,00,,,12/7/2020,,12/7/2020,,,,,1.26%,1.699,00,21.44,6.486,89,1.288,69,1.880,56,8%,282%,0.33%,1.66%,0.74%,127.55%,132.17%,78.54,1.14%,-0.53%,,,,,,,,,,,,
,,,,,,,,,,,,,,,,,,2017,3/24/2017,1.698,00,,,12/14/2020,,12/14/2020,,,,,1.26%,1.698,00,21.44,6.486,89,1.288,69,1.880,56,8%,282%,0.33%,1.66%,0.74%,127.68%,132.31%,78.54,1.14%,-0.59%,,,,,,,,,,,,
,,,,,,,,,,,,,,,,,,2017,3/27/2017,1.692,00,,,12/21/2020,,12/21/2020,,,,,1.27%,1.692,00,21.44,6.486,89,1.288,69,1.880,56,8%,283%,0.33%,1.66%,0.74%,128.49%,133.13%,78.54,1.14%,-0.94%,,,,,,,,,,,,
,,,,,,,,,,,,,,,,,,2017,3/28/2017,1.688,00,,,12/28/2020,,12/28/2020,,,,,1.27%,1.688,00,21.44,6.486,89,1.288,69,1.880,56,8%,284%,0.33%,1.66%,0.74%,129.03%,133.68%,78.54,1.14%,-1.17%,,,,,,,,,,,,
,,,,,,,,,,,,,,,,,,2017,3/29/2017,1.689,00,,,1/4/2021,,1/4/2021,,,,,1.27%,1.689,00,21.44,6.486,89,1.288,69,1.880,56,8%,284%,0.33%,1.66%,0.74%,128.89%,133.54%,78.54,1.14%,-1.11%,,,,,,,,,,,,
,,,,,,,,,,,,,,,,,,2017,3/30/2017,1.689,00,,,1/11/2021,,1/11/2021,,,,,1.27%,1.689,00,21.44,6.486,89,1.288,69,1.880,56,8%,284%,0.33%,1.66%,0.74%,128.89%,133.54%,78.54,1.14%,-1.11%,,,,,,,,,,,,
,,,,,,,,,,,,,,,,,,2017,3/31/2017,1.674,00,,,1/18/2021,,1/19/2021,,,,,1.28%,1.674,00,21.44,6.486,89,1.288,69,1.880,56,7%,288%,0.33%,1.66%,0.75%,130.94%,135.64%,78.54,1.14%,-1.99%,,,,,,,,,,,,
,,,,,,,,,,,,,,,,,,2017,4/3/2017,1.673,00,,,1/25/2021,,1/25/2021,,,,,1.28%,1.673,00,21.44,6.486,89,1.288,69,1.880,56,7%,288%,0.33%,1.66%,0.75%,131.08%,135.78%,78.54,1.14%,-2.05%,,,,,,,,,,,,
,,,,,,,,,,,,,,,,,,2017,4/4/2017,1.680,00,,,2/1/2021,,2/1/2021,,,,,1.28%,1.680,00,21.44,6.486,89,1.288,69,1.880,56,8%,286%,0.33%,1.66%,0.74%,130.12%,134.79%,78.54,1.14%,-1.64%,,,,,,,,,,,,
,,,,,,,,,,,,,,,,,,2017,4/5/2017,1.664,00,,,2/8/2021,,2/8/2021,,,,,1.29%,1.664,00,21.44,6.486,89,1.288,69,1.880,56,7%,290%,0.33%,1.66%,0.75%,132.33%,137.05%,78.54,1.14%,-2.58%,,,,,,,,,,,,
,,,,,,,,,,,,,,,,,,2017,4/6/2017,1.658,00,,,2/15/2021,,2/16/2021,,,,,1.29%,1.658,00,21.44,6.486,89,1.288,69,1.880,56,7%,291%,0.33%,1.66%,0.75%,133.17%,137.91%,78.54,1.14%,-2.93%,,,,,,,,,,,,
,,,,,,,,,,,,,,,,,,2017,4/7/2017,1.647,00,,,2/22/2021,,2/22/2021,,,,,1.30%,1.647,00,21.44,6.486,89,1.288,69,1.880,56,7%,294%,0.33%,1.66%,0.76%,134.73%,139.50%,78.54,1.14%,-3.57%,,,,,,,,,,,,
,,,,,,,,,,,,,,,,,,2017,4/10/2017,1.661,00,,,3/1/2021,,3/1/2021,,,,,1.29%,1.661,00,21.44,6.486,89,1.288,69,1.880,56,7%,291%,0.33%,1.66%,0.75%,132.75%,137.48%,78.54,1.14%,-2.75%,,,,,,,,,,,,
,,,,,,,,,,,,,,,,,,2017,4/11/2017,1.657,00,,,3/8/2021,,3/8/2021,,,,,1.29%,1.657,00,21.44,6.486,89,1.288,69,1.880,56,7%,291%,0.33%,1.66%,0.75%,133.31%,138.05%,78.54,1.14%,-2.99%,,,,,,,,,,,,
,,,,,,,,,,,,,,,,,,2017,4/12/2017,1.663,00,,,3/15/2021,,3/15/2021,,,,,1.29%,1.663,00,21.44,6.486,89,1.288,69,1.880,56,7%,290%,0.33%,1.66%,0.75%,132.47%,137.19%,78.54,1.14%,-2.63%,,,,,,,,,,,,
,,,,,,,,,,,,,,,,,,2017,4/13/2017,1.670,00,,,3/22/2021,,3/22/2021,,,,,1.28%,1.670,00,21.44,6.486,89,1.288,69,1.880,56,7%,288%,0.33%,1.66%,0.75%,131.50%,136.20%,78.54,1.14%,-2.22%,,,,,,,,,,,,
,,,,,,,,,,,,,,,,,,2017,4/18/2017,1.631,00,,,3/29/2021,,3/29/2021,,,,,1.31%,1.631,00,21.44,6.486,89,1.288,69,1.880,56,7%,298%,0.33%,1.66%,0.77%,137.03%,141.85%,78.54,1.14%,-4.51%,,,,,,,,,,,,
,,,,,,,,,,,,,,,,,,2017,4/19/2017,1.646,00,,,4/6/2021,,4/5/2021,,,,,1.30%,1.646,00,21.44,6.486,89,1.288,69,1.880,56,7%,294%,0.33%,1.66%,0.76%,134.87%,139.64%,78.54,1.14%,-3.63%,,,,,,,,,,,,
,,,,,,,,,,,,,,,,,,2017,4/20/2017,1.639,00,,,4/12/2021,,4/12/2021,,,,,1.31%,1.639,00,21.44,6.486,89,1.288,69,1.880,56,7%,296%,0.33%,1.66%,0.76%,135.88%,140.67%,78.54,1.14%,-4.04%,,,,,,,,,,,,
,,,,,,,,,,,,,,,,,,2017,4/21/2017,1.624,00,,,4/19/2021,,4/19/2021,,,,,1.32%,1.624,00,21.44,6.486,89,1.288,69,1.880,56,6%,299%,0.33%,1.66%,0.77%,138.05%,142.89%,78.54,1.14%,-4.92%,,,,,,,,,,,,
,,,,,,,,,,,,,,,,,,2017,4/24/2017,1.628,00,,,4/26/2021,,4/26/2021,,,,,1.32%,1.628,00,21.44,6.486,89,1.288,69,1.880,56,7%,298%,0.33%,1.66%,0.77%,137.47%,142.29%,78.54,1.14%,-4.68%,,,,,,,,,,,,
,,,,,,,,,,,,,,,,,,2017,4/25/2017,1.651,00,,,5/3/2021,,5/3/2021,,,,,1.30%,1.651,00,21.44,6.486,89,1.288,69,1.880,56,7%,293%,0.33%,1.66%,0.76%,134.16%,138.92%,78.54,1.14%,-3.34%,,,,,,,,,,,,
,,,,,,,,,,,,,,,,,,2017,4/26/2017,1.685,00,,,5/10/2021,,5/10/2021,,,,,1.27%,1.685,00,21.44,6.486,89,1.288,69,1.880,56,8%,285%,0.33%,1.66%,0.74%,129.44%,134.10%,78.54,1.14%,-1.35%,,,,,,,,,,,,
,,,,,,,,,,,,,,,,,,2017,4/27/2017,1.714,00,,,5/17/2021,,5/17/2021,,,,,1.25%,1.714,00,21.44,6.486,89,1.288,69,1.880,56,8%,278%,0.33%,1.66%,0.73%,125.55%,130.14%,78.54,1.14%,0.00%,,,,,,,,,,,,
,,,,,,,,,,,,,,,,,,2017,4/28/2017,1.690,00,,,5/24/2021,,5/24/2021,,,,,1.27%,1.690,00,21.44,6.486,89,1.288,69,1.880,56,8%,284%,0.33%,1.66%,0.74%,128.76%,133.40%,78.54,1.14%,-1.40%,,,,,,,,,,,,
,,,,,,,,,,,,,,,,,,2017,5/2/2017,1.716,00,,,5/31/2021,,6/1/2021,,,,,1.25%,1.716,00,21.44,6.486,89,1.288,69,1.880,56,8%,278%,0.33%,1.66%,0.73%,125.29%,129.87%,78.54,1.14%,0.00%,,,,,,,,,,,,
,,,,,,,,,,,,,,,,,,2017,5/3/2017,1.723,00,,,6/7/2021,,6/7/2021,,,,,1.24%,1.723,00,21.44,6.486,89,1.288,69,1.880,56,8%,276%,0.33%,1.66%,0.73%,124.38%,128.93%,78.54,1.14%,0.00%,,,,,,,,,,,,
,,,,,,,,,,,,,,,,,,2017,5/4/2017,1.722,00,,,6/14/2021,,6/14/2021,,,,,1.25%,1.722,00,21.44,6.486,89,1.288,69,1.880,56,8%,277%,0.33%,1.66%,0.73%,124.51%,129.07%,78.54,1.14%,-0.06%,,,,,,,,,,,,
,,,,,,,,,,,,,,,,,,2017,5/5/2017,1.723,00,,,6/21/2021,,6/21/2021,,,,,1.24%,1.723,00,21.44,6.486,89,1.288,69,1.880,56,8%,276%,0.33%,1.66%,0.73%,124.38%,128.93%,78.54,1.14%,0.00%,,,,,,,,,,,,
,,,,,,,,,,,,,,,,,,2017,5/8/2017,1.726,00,,,6/28/2021,,6/28/2021,,,,,1.24%,1.726,00,21.44,6.486,89,1.288,69,1.880,56,8%,276%,0.33%,1.66%,0.72%,123.99%,128.54%,78.54,1.14%,0.00%,,,,,,,,,,,,
,,,,,,,,,,,,,,,,,,2017,5/9/2017,1.744,00,,,7/5/2021,,7/6/2021,,,,,1.23%,1.744,00,21.44,6.486,89,1.288,69,1.880,56,9%,272%,0.33%,1.66%,0.72%,121.67%,126.18%,78.54,1.14%,0.00%,,,,,,,,,,,,
,,,,,,,,,,,,,,,,,,2017,5/10/2017,1.757,00,,,7/12/2021,,7/12/2021,,,,,1.22%,1.757,00,21.44,6.486,89,1.288,69,1.880,56,9%,269%,0.33%,1.66%,0.71%,120.03%,124.50%,78.54,1.14%,0.00%,,,,,,,,,,,,
,,,,,,,,,,,,,,,,,,2017,5/11/2017,1.749,00,,,7/19/2021,,7/19/2021,,,,,1.23%,1.749,00,21.44,6.486,89,1.288,69,1.880,56,9%,271%,0.33%,1.66%,0.71%,121.04%,125.53%,78.54,1.14%,-0.46%,,,,,,,,,,,,
,,,,,,,,,,,,,,,,,,2017,5/12/2017,1.790,00,,,7/26/2021,,7/26/2021,,,,,1.20%,1.790,00,21.44,6.486,89,1.288,69,1.880,56,10%,262%,0.33%,1.66%,0.70%,115.98%,120.37%,78.54,1.14%,0.00%,,,,,,,,,,,,
,,,,,,,,,,,,,,,,,,2017,5/15/2017,1.780,00,,,8/2/2021,,8/2/2021,,,,,1.20%,1.780,00,21.44,6.486,89,1.288,69,1.880,56,9%,264%,0.33%,1.66%,0.70%,117.19%,121.60%,78.54,1.14%,-0.56%,,,,,,,,,,,,
,,,,,,,,,,,,,,,,,,2017,5/16/2017,1.849,00,,,8/9/2021,,8/9/2021,,,,,1.16%,1.849,00,21.44,6.486,89,1.288,69,1.880,56,11%,251%,0.33%,1.66%,0.68%,109.09%,113.33%,78.54,1.14%,0.00%,,,,,,,,,,,,
,,,,,,,,,,,,,,,,,,2017,5/17/2017,1.834,00,,,8/16/2021,,8/16/2021,,,,,1.17%,1.834,00,21.44,6.486,89,1.288,69,1.880,56,10%,254%,0.33%,1.66%,0.68%,110.80%,115.08%,78.54,1.14%,-0.81%,,,,,,,,,,,,
,,,,,,,,,,,,,,,,,,2017,5/18/2017,1.812,00,,,8/23/2021,,8/23/2021,,,,,1.18%,1.812,00,21.44,6.486,89,1.288,69,1.880,56,10%,258%,0.33%,1.66%,0.69%,113.36%,117.69%,78.54,1.14%,-2.00%,,,,,,,,,,,,
,,,,,,,,,,,,,,,,,,2017,5/19/2017,1.829,00,,,8/30/2021,,8/30/2021,,,,,1.17%,1.829,00,21.44,6.486,89,1.288,69,1.880,56,10%,255%,0.33%,1.66%,0.68%,111.37%,115.67%,78.54,1.14%,-1.08%,,,,,,,,,,,,
,,,,,,,,,,,,,,,,,,2017,5/22/2017,1.829,00,,,9/6/2021,,9/7/2021,,,,,1.17%,1.829,00,21.44,6.486,89,1.288,69,1.880,56,10%,255%,0.33%,1.66%,0.68%,111.37%,115.67%,78.54,1.14%,-1.08%,,,,,,,,,,,,
,,,,,,,,,,,,,,,,,,2017,5/23/2017,1.836,00,,,9/13/2021,,9/13/2021,,,,,1.17%,1.836,00,21.44,6.486,89,1.288,69,1.880,56,11%,253%,0.33%,1.66%,0.68%,110.57%,114.84%,78.54,1.14%,-0.70%,,,,,,,,,,,,
,,,,,,,,,,,,,,,,,,2017,5/24/2017,1.850,00,,,9/20/2021,,9/20/2021,,,,,1.16%,1.850,00,21.44,6.486,89,1.288,69,1.880,56,11%,251%,0.33%,1.66%,0.68%,108.97%,113.22%,78.54,1.14%,0.00%,,,,,,,,,,,,
,,,,,,,,,,,,,,,,,,2017,5/25/2017,1.888,00,,,9/27/2021,,9/27/2021,,,,,1.14%,1.888,00,21.44,6.486,89,1.288,69,1.880,56,12%,244%,0.33%,1.66%,0.66%,104.77%,108.93%,78.54,1.14%,0.00%,,,,,,,,,,,,
,,,,,,,,,,,,,,,,,,2017,5/26/2017,1.869,00,,,10/4/2021,,10/4/2021,,,,,1.15%,1.869,00,21.44,6.486,89,1.288,69,1.880,56,11%,247%,0.33%,1.66%,0.67%,106.85%,111.05%,78.54,1.14%,-1.01%,,,,,,,,,,,,
,,,,,,,,,,,,,,,,,,2017,5/30/2017,1.889,00,,,10/11/2021,,10/11/2021,,,,,1.13%,1.889,00,21.44,6.486,89,1.288,69,1.880,56,12%,243%,0.33%,1.66%,0.66%,104.66%,108.82%,78.54,1.14%,0.00%,,,,,,,,,,,,
,,,,,,,,,,,,,,,,,,2017,5/31/2017,1.944,00,,,10/18/2021,,10/18/2021,,,,,1.10%,1.944,00,21.44,6.486,89,1.288,69,1.880,56,13%,234%,0.33%,1.66%,0.64%,98.87%,102.91%,78.54,1.14%,0.00%,,,,,,,,,,,,
,,,,,,,,,,,,,,,,,,2017,6/1/2017,1.901,00,,,10/25/2021,,10/25/2021,,,,,1.13%,1.901,00,21.44,6.486,89,1.288,69,1.880,56,12%,241%,0.33%,1.66%,0.66%,103.37%,107.50%,78.54,1.14%,-2.21%,,,,,,,,,,,,
,,,,,,,,,,,,,,,,,,2017,6/2/2017,1.954,00,,,11/1/2021,,11/1/2021,,,,,1.10%,1.954,00,21.44,6.486,89,1.288,69,1.880,56,13%,232%,0.33%,1.66%,0.64%,97.85%,101.87%,78.54,1.14%,0.00%,,,,,,,,,,,,
,,,,,,,,,,,,,,,,,,2017,6/5/2017,1.920,00,,,11/8/2021,,11/8/2021,,,,,1.12%,1.920,00,21.44,6.486,89,1.288,69,1.880,56,12%,238%,0.33%,1.66%,0.65%,101.35%,105.44%,78.54,1.14%,-1.74%,,,,,,,,,,,,
,,,,,,,,,,,,,,,,,,2017,6/6/2017,1.893,00,,,11/15/2021,,11/15/2021,,,,,1.13%,1.893,00,21.44,6.486,89,1.288,69,1.880,56,12%,243%,0.33%,1.66%,0.66%,104.23%,108.38%,78.54,1.14%,-3.12%,,,,,,,,,,,,
,,,,,,,,,,,,,,,,,,2017,6/7/2017,1.889,00,,,11/22/2021,,11/22/2021,,,,,1.13%,1.889,00,21.44,6.486,89,1.288,69,1.880,56,12%,243%,0.33%,1.66%,0.66%,104.66%,108.82%,78.54,1.14%,-3.33%,,,,,,,,,,,,
,,,,,,,,,,,,,,,,,,2017,6/8/2017,1.887,00,,,11/29/2021,,11/29/2021,,,,,1.14%,1.887,00,21.44,6.486,89,1.288,69,1.880,56,12%,244%,0.33%,1.66%,0.66%,104.88%,109.04%,78.54,1.14%,-3.43%,,,,,,,,,,,,
,,,,,,,,,,,,,,,,,,2017,6/9/2017,1.880,00,,,12/6/2021,,12/6/2021,,,,,1.14%,1.880,00,21.44,6.486,89,1.288,69,1.880,56,11%,245%,0.33%,1.66%,0.66%,105.64%,109.82%,78.54,1.14%,-3.79%,,,,,,,,,,,,
,,,,,,,,,,,,,,,,,,2017,6/12/2017,1.844,00,,,12/13/2021,,12/13/2021,,,,,1.16%,1.844,00,21.44,6.486,89,1.288,69,1.880,56,11%,252%,0.33%,1.66%,0.68%,109.65%,113.91%,78.54,1.14%,-5.63%,,,,,,,,,,,,
,,,,,,,,,,,,,,,,,,2017,6/13/2017,1.869,00,,,12/20/2021,,12/20/2021,,,,,1.15%,1.869,00,21.44,6.486,89,1.288,69,1.880,56,11%,247%,0.33%,1.66%,0.67%,106.85%,111.05%,78.54,1.14%,-4.35%,,,,,,,,,,,,
,,,,,,,,,,,,,,,,,,2017,6/14/2017,1.867,00,,,12/27/2021,,12/27/2021,,,,,1.15%,1.867,00,21.44,6.486,89,1.288,69,1.880,56,11%,247%,0.33%,1.66%,0.67%,107.07%,111.28%,78.54,1.14%,-4.45%,,,,,,,,,,,,
,,,,,,,,,,,,,,,,,,2017,6/15/2017,1.843,00,,,1/3/2022,,1/3/2022,,,,,1.16%,1.843,00,21.44,6.486,89,1.288,69,1.880,56,11%,252%,0.33%,1.66%,0.68%,109.77%,114.03%,78.54,1.14%,-5.68%,,,,,,,,,,,,
,,,,,,,,,,,,,,,,,,2017,6/16/2017,1.859,00,,,1/10/2022,,1/10/2022,,,,,1.15%,1.859,00,21.44,6.486,89,1.288,69,1.880,56,11%,249%,0.33%,1.66%,0.67%,107.96%,112.19%,78.54,1.14%,-4.86%,,,,,,,,,,,,
,,,,,,,,,,,,,,,,,,2017,6/19/2017,1.864,00,,,1/17/2022,,1/18/2022,,,,,1.15%,1.864,00,21.44,6.486,89,1.288,69,1.880,56,11%,248%,0.33%,1.66%,0.67%,107.40%,111.62%,78.54,1.14%,-4.61%,,,,,,,,,,,,
,,,,,,,,,,,,,,,,,,2017,6/20/2017,1.861,00,,,1/24/2022,,1/24/2022,,,,,1.15%,1.861,00,21.44,6.486,89,1.288,69,1.880,56,11%,249%,0.33%,1.66%,0.67%,107.74%,111.96%,78.54,1.14%,-4.76%,,,,,,,,,,,,
,,,,,,,,,,,,,,,,,,2017,6/21/2017,1.833,00,,,1/31/2022,,1/31/2022,,,,,1.17%,1.833,00,21.44,6.486,89,1.288,69,1.880,56,10%,254%,0.33%,1.66%,0.68%,110.91%,115.20%,78.54,1.14%,-6.19%,,,,,,,,,,,,
,,,,,,,,,,,,,,,,,,2017,6/22/2017,1.834,00,,,2/7/2022,,2/7/2022,,,,,1.17%,1.834,00,21.44,6.486,89,1.288,69,1.880,56,10%,254%,0.33%,1.66%,0.68%,110.80%,115.08%,78.54,1.14%,-6.14%,,,,,,,,,,,,
,,,,,,,,,,,,,,,,,,2017,6/23/2017,1.801,00,,,2/14/2022,,2/14/2022,,,,,1.19%,1.801,00,21.44,6.486,89,1.288,69,1.880,56,10%,260%,0.33%,1.66%,0.69%,114.66%,119.02%,78.54,1.14%,-7.83%,,,,,,,,,,,,
,,,,,,,,,,,,,,,,,,2017,6/26/2017,1.800,00,,,2/21/2022,,2/22/2022,,,,,1.19%,1.800,00,21.44,6.486,89,1.288,69,1.880,56,10%,260%,0.33%,1.66%,0.69%,114.78%,119.14%,78.54,1.14%,-7.88%,,,,,,,,,,,,
,,,,,,,,,,,,,,,,,,2017,6/27/2017,1.759,00,,,2/28/2022,,2/28/2022,,,,,1.22%,1.759,00,21.44,6.486,89,1.288,69,1.880,56,9%,269%,0.33%,1.66%,0.71%,119.78%,124.25%,78.54,1.14%,-9.98%,,,,,,,,,,,,
,,,,,,,,,,,,,,,,,,2017,6/28/2017,1.723,00,,,3/7/2022,,3/7/2022,,,,,1.24%,1.723,00,21.44,6.486,89,1.288,69,1.880,56,8%,276%,0.33%,1.66%,0.73%,124.38%,128.93%,78.54,1.14%,-11.82%,,,,,,,,,,,,
,,,,,,,,,,,,,,,,,,2017,6/29/2017,1.699,00,,,3/14/2022,,3/14/2022,,,,,1.26%,1.699,00,21.44,6.486,89,1.288,69,1.880,56,8%,282%,0.33%,1.66%,0.74%,127.55%,132.17%,78.54,1.14%,-13.05%,,,,,,,,,,,,
,,,,,,,,,,,,,,,,,,2017,6/30/2017,1.700,00,,,3/21/2022,,3/21/2022,,,,,1.26%,1.700,00,21.44,6.486,89,1.288,69,1.880,56,8%,282%,0.33%,1.66%,0.74%,127.41%,132.03%,78.54,1.14%,-13.00%,,,,,,,,,,,,
,,,,,,,,,,,,,,,,,,2017,7/3/2017,1.697,00,,,3/28/2022,,3/28/2022,,,,,1.26%,1.697,00,21.44,6.486,89,1.288,69,1.880,56,8%,282%,0.33%,1.66%,0.74%,127.81%,132.44%,78.54,1.14%,-13.15%,,,,,,,,,,,,
,,,,,,,,,,,,,,,,,,2017,7/4/2017,1.685,00,,,4/4/2022,,4/4/2022,,,,,1.27%,1.685,00,21.44,6.486,89,1.288,69,1.880,56,8%,285%,0.33%,1.66%,0.74%,129.44%,134.10%,78.54,1.14%,-13.77%,,,,,,,,,,,,
,,,,,,,,,,,,,,,,,,2017,7/5/2017,1.708,00,,,4/11/2022,,4/11/2022,,,,,1.26%,1.708,00,21.44,6.486,89,1.288,69,1.880,56,8%,280%,0.33%,1.66%,0.73%,126.35%,130.94%,78.54,1.14%,-12.59%,,,,,,,,,,,,
,,,,,,,,,,,,,,,,,,2017,7/6/2017,1.684,00,,,4/19/2022,,4/18/2022,,,,,1.27%,1.684,00,21.44,6.486,89,1.288,69,1.880,56,8%,285%,0.33%,1.66%,0.74%,129.57%,134.24%,78.54,1.14%,-13.82%,,,,,,,,,,,,
,,,,,,,,,,,,,,,,,,2017,7/7/2017,1.713,00,,,4/25/2022,,4/25/2022,,,,,1.25%,1.713,00,21.44,6.486,89,1.288,69,1.880,56,8%,279%,0.33%,1.66%,0.73%,125.69%,130.27%,78.54,1.14%,-12.33%,,,,,,,,,,,,
,,,,,,,,,,,,,,,,,,2017,7/10/2017,1.682,00,,,5/2/2022,,5/2/2022,,,,,1.27%,1.682,00,21.44,6.486,89,1.288,69,1.880,56,8%,286%,0.33%,1.66%,0.74%,129.85%,134.51%,78.54,1.14%,-13.92%,,,,,,,,,,,,
,,,,,,,,,,,,,,,,,,2017,7/11/2017,1.675,00,,,5/9/2022,,5/9/2022,,,,,1.28%,1.675,00,21.44,6.486,89,1.288,69,1.880,56,7%,287%,0.33%,1.66%,0.75%,130.81%,135.49%,78.54,1.14%,-14.28%,,,,,,,,,,,,
,,,,,,,,,,,,,,,,,,2017,7/12/2017,1.670,00,,,5/16/2022,,5/16/2022,,,,,1.28%,1.670,00,21.44,6.486,89,1.288,69,1.880,56,7%,288%,0.33%,1.66%,0.75%,131.50%,136.20%,78.54,1.14%,-14.53%,,,,,,,,,,,,
,,,,,,,,,,,,,,,,,,2017,7/13/2017,1.647,00,,,5/23/2022,,5/23/2022,,,,,1.30%,1.647,00,21.44,6.486,89,1.288,69,1.880,56,7%,294%,0.33%,1.66%,0.76%,134.73%,139.50%,78.54,1.14%,-15.71%,,,,,,,,,,,,
,,,,,,,,,,,,,,,,,,2017,7/14/2017,1.664,00,,,5/30/2022,,5/31/2022,,,,,1.29%,1.664,00,21.44,6.486,89,1.288,69,1.880,56,7%,290%,0.33%,1.66%,0.75%,132.33%,137.05%,78.54,1.14%,-14.84%,,,,,,,,,,,,
,,,,,,,,,,,,,,,,,,2017,7/17/2017,1.696,00,,,6/6/2022,,6/6/2022,,,,,1.26%,1.696,00,21.44,6.486,89,1.288,69,1.880,56,8%,282%,0.33%,1.66%,0.74%,127.95%,132.58%,78.54,1.14%,-13.20%,,,,,,,,,,,,
,,,,,,,,,,,,,,,,,,2017,7/18/2017,1.697,00,,,6/13/2022,,6/13/2022,,,,,1.26%,1.697,00,21.44,6.486,89,1.288,69,1.880,56,8%,282%,0.33%,1.66%,0.74%,127.81%,132.44%,78.54,1.14%,-13.15%,,,,,,,,,,,,
,,,,,,,,,,,,,,,,,,2017,7/19/2017,1.719,00,,,6/20/2022,,6/21/2022,,,,,1.25%,1.719,00,21.44,6.486,89,1.288,69,1.880,56,8%,277%,0.33%,1.66%,0.73%,124.90%,129.47%,78.54,1.14%,-12.03%,,,,,,,,,,,,
,,,,,,,,,,,,,,,,,,2017,7/20/2017,1.730,00,,,6/27/2022,,6/27/2022,,,,,1.24%,1.730,00,21.44,6.486,89,1.288,69,1.880,56,8%,275%,0.33%,1.66%,0.72%,123.47%,128.01%,78.54,1.14%,-11.46%,,,,,,,,,,,,
,,,,,,,,,,,,,,,,,,2017,7/21/2017,1.742,00,,,7/4/2022,,7/5/2022,,,,,1.23%,1.742,00,21.44,6.486,89,1.288,69,1.880,56,9%,272%,0.33%,1.66%,0.72%,121.93%,126.44%,78.54,1.14%,-10.85%,,,,,,,,,,,,
,,,,,,,,,,,,,,,,,,2017,7/24/2017,1.721,00,,,7/11/2022,,7/11/2022,,,,,1.25%,1.721,00,21.44,6.486,89,1.288,69,1.880,56,8%,277%,0.33%,1.66%,0.73%,124.64%,129.20%,78.54,1.14%,-11.92%,,,,,,,,,,,,
,,,,,,,,,,,,,,,,,,2017,7/25/2017,1.727,00,,,7/18/2022,,7/18/2022,,,,,1.24%,1.727,00,21.44,6.486,89,1.288,69,1.880,56,8%,276%,0.33%,1.66%,0.72%,123.86%,128.40%,78.54,1.14%,-11.62%,,,,,,,,,,,,
,,,,,,,,,,,,,,,,,,2017,7/26/2017,1.729,00,,,7/25/2022,,7/25/2022,,,,,1.24%,1.729,00,21.44,6.486,89,1.288,69,1.880,56,8%,275%,0.33%,1.66%,0.72%,123.60%,128.14%,78.54,1.14%,-11.51%,,,,,,,,,,,,
,,,,,,,,,,,,,,,,,,2017,7/27/2017,1.726,00,,,8/1/2022,,8/1/2022,,,,,1.24%,1.726,00,21.44,6.486,89,1.288,69,1.880,56,8%,276%,0.33%,1.66%,0.72%,123.99%,128.54%,78.54,1.14%,-11.67%,,,,,,,,,,,,
,,,,,,,,,,,,,,,,,,2017,7/28/2017,1.728,00,,,8/8/2022,,8/8/2022,,,,,1.24%,1.728,00,21.44,6.486,89,1.288,69,1.880,56,8%,275%,0.33%,1.66%,0.72%,123.73%,128.27%,78.54,1.14%,-11.57%,,,,,,,,,,,,
,,,,,,,,,,,,,,,,,,2017,7/31/2017,1.775,00,,,8/15/2022,,8/15/2022,,,,,1.21%,1.775,00,21.44,6.486,89,1.288,69,1.880,56,9%,265%,0.33%,1.66%,0.70%,117.80%,122.23%,78.54,1.14%,-9.16%,,,,,,,,,,,,
,,,,,,,,,,,,,,,,,,2017,8/1/2017,1.756,00,,,8/22/2022,,8/22/2022,,,,,1.22%,1.756,00,21.44,6.486,89,1.288,69,1.880,56,9%,269%,0.33%,1.66%,0.71%,120.16%,124.63%,78.54,1.14%,-10.13%,,,,,,,,,,,,
,,,,,,,,,,,,,,,,,,2017,8/2/2017,1.750,00,,,8/29/2022,,8/29/2022,,,,,1.23%,1.750,00,21.44,6.486,89,1.288,69,1.880,56,9%,271%,0.33%,1.66%,0.71%,120.91%,125.40%,78.54,1.14%,-10.44%,,,,,,,,,,,,
,,,,,,,,,,,,,,,,,,2017,8/3/2017,1.761,00,,,9/5/2022,,9/6/2022,,,,,1.22%,1.761,00,21.44,6.486,89,1.288,69,1.880,56,9%,268%,0.33%,1.66%,0.71%,119.53%,123.99%,78.54,1.14%,-9.88%,,,,,,,,,,,,
,,,,,,,,,,,,,,,,,,2017,8/4/2017,1.780,00,,,9/12/2022,,9/12/2022,,,,,1.20%,1.780,00,21.44,6.486,89,1.288,69,1.880,56,9%,264%,0.33%,1.66%,0.70%,117.19%,121.60%,78.54,1.14%,-8.90%,,,,,,,,,,,,
,,,,,,,,,,,,,,,,,,2017,8/7/2017,1.796,00,,,9/19/2022,,9/19/2022,,,,,1.19%,1.796,00,21.44,6.486,89,1.288,69,1.880,56,10%,261%,0.33%,1.66%,0.70%,115.26%,119.63%,78.54,1.14%,-8.09%,,,,,,,,,,,,
,,,,,,,,,,,,,,,,,,2017,8/8/2017,1.810,00,,,9/26/2022,,9/26/2022,,,,,1.18%,1.810,00,21.44,6.486,89,1.288,69,1.880,56,10%,258%,0.33%,1.66%,0.69%,113.59%,117.93%,78.54,1.14%,-7.37%,,,,,,,,,,,,
,,,,,,,,,,,,,,,,,,2017,8/9/2017,1.816,00,,,10/3/2022,,10/3/2022,,,,,1.18%,1.816,00,21.44,6.486,89,1.288,69,1.880,56,10%,257%,0.33%,1.66%,0.69%,112.89%,117.21%,78.54,1.14%,-7.06%,,,,,,,,,,,,
,,,,,,,,,,,,,,,,,,2017,8/10/2017,1.783,00,,,10/10/2022,,10/10/2022,,,,,1.20%,1.783,00,21.44,6.486,89,1.288,69,1.880,56,10%,264%,0.33%,1.66%,0.70%,116.83%,121.23%,78.54,1.14%,-8.75%,,,,,,,,,,,,
,,,,,,,,,,,,,,,,,,2017,8/11/2017,1.787,00,,,10/17/2022,,10/17/2022,,,,,1.20%,1.787,00,21.44,6.486,89,1.288,69,1.880,56,10%,263%,0.33%,1.66%,0.70%,116.34%,120.74%,78.54,1.14%,-8.55%,,,,,,,,,,,,
,,,,,,,,,,,,,,,,,,2017,8/14/2017,1.812,00,,,10/24/2022,,10/24/2022,,,,,1.18%,1.812,00,21.44,6.486,89,1.288,69,1.880,56,10%,258%,0.33%,1.66%,0.69%,113.36%,117.69%,78.54,1.14%,-7.27%,,,,,,,,,,,,
,,,,,,,,,,,,,,,,,,2017,8/15/2017,1.839,00,,,10/31/2022,,10/31/2022,,,,,1.17%,1.839,00,21.44,6.486,89,1.288,69,1.880,56,11%,253%,0.33%,1.66%,0.68%,110.22%,114.49%,78.54,1.14%,-5.89%,,,,,,,,,,,,
,,,,,,,,,,,,,,,,,,2017,8/16/2017,1.859,00,,,11/7/2022,,11/7/2022,,,,,1.15%,1.859,00,21.44,6.486,89,1.288,69,1.880,56,11%,249%,0.33%,1.66%,0.67%,107.96%,112.19%,78.54,1.14%,-4.86%,,,,,,,,,,,,
,,,,,,,,,,,,,,,,,,2017,8/17/2017,1.877,00,,,11/14/2022,,11/14/2022,,,,,1.14%,1.877,00,21.44,6.486,89,1.288,69,1.880,56,11%,246%,0.33%,1.66%,0.67%,105.97%,110.15%,78.54,1.14%,-3.94%,,,,,,,,,,,,
,,,,,,,,,,,,,,,,,,2017,8/18/2017,1.849,00,,,11/21/2022,,11/21/2022,,,,,1.16%,1.849,00,21.44,6.486,89,1.288,69,1.880,56,11%,251%,0.33%,1.66%,0.68%,109.09%,113.33%,78.54,1.14%,-5.37%,,,,,,,,,,,,
,,,,,,,,,,,,,,,,,,2017,8/21/2017,1.867,00,,,11/28/2022,,11/28/2022,,,,,1.15%,1.867,00,21.44,6.486,89,1.288,69,1.880,56,11%,247%,0.33%,1.66%,0.67%,107.07%,111.28%,78.54,1.14%,-4.45%,,,,,,,,,,,,
,,,,,,,,,,,,,,,,,,2017,8/22/2017,1.892,00,,,12/5/2022,,12/5/2022,,,,,1.13%,1.892,00,21.44,6.486,89,1.288,69,1.880,56,12%,243%,0.33%,1.66%,0.66%,104.33%,108.49%,78.54,1.14%,-3.17%,,,,,,,,,,,,
,,,,,,,,,,,,,,,,,,2017,8/23/2017,1.925,00,,,12/12/2022,,12/12/2022,,,,,1.11%,1.925,00,21.44,6.486,89,1.288,69,1.880,56,12%,237%,0.33%,1.66%,0.65%,100.83%,104.91%,78.54,1.14%,-1.48%,,,,,,,,,,,,
,,,,,,,,,,,,,,,,,,2017,8/24/2017,1.919,00,,,12/19/2022,,12/19/2022,,,,,1.12%,1.919,00,21.44,6.486,89,1.288,69,1.880,56,12%,238%,0.33%,1.66%,0.65%,101.46%,105.55%,78.54,1.14%,-1.79%,,,,,,,,,,,,
,,,,,,,,,,,,,,,,,,2017,8/25/2017,1.901,00,,,12/27/2022,,12/27/2022,,,,,1.13%,1.901,00,21.44,6.486,89,1.288,69,1.880,56,12%,241%,0.33%,1.66%,0.66%,103.37%,107.50%,78.54,1.14%,-2.71%,,,,,,,,,,,,
,,,,,,,,,,,,,,,,,,2017,8/29/2017,1.894,00,,,1/2/2023,,1/3/2023,,,,,1.13%,1.894,00,21.44,6.486,89,1.288,69,1.880,56,12%,242%,0.33%,1.66%,0.66%,104.12%,108.27%,78.54,1.14%,-3.07%,,,,,,,,,,,,
,,,,,,,,,,,,,,,,,,2017,8/30/2017,1.898,00,,,1/9/2023,,1/9/2023,,,,,1.13%,1.898,00,21.44,6.486,89,1.288,69,1.880,56,12%,242%,0.33%,1.66%,0.66%,103.69%,107.83%,78.54,1.14%,-2.87%,,,,,,,,,,,,
,,,,,,,,,,,,,,,,,,2017,8/31/2017,1.913,00,,,1/16/2023,,1/17/2023,,,,,1.12%,1.913,00,21.44,6.486,89,1.288,69,1.880,56,12%,239%,0.33%,1.66%,0.65%,102.09%,106.20%,78.54,1.14%,-2.10%,,,,,,,,,,,,
,,,,,,,,,,,,,,,,,,2017,9/1/2017,1.959,00,,,1/23/2023,,1/23/2023,,,,,1.09%,1.959,00,21.44,6.486,89,1.288,69,1.880,56,13%,231%,0.33%,1.66%,0.64%,97.35%,101.35%,78.54,1.14%,0.00%,,,,,,,,,,,,
,,,,,,,,,,,,,,,,,,2017,9/4/2017,1.945,00,,,1/30/2023,,1/30/2023,,,,,1.10%,1.945,00,21.44,6.486,89,1.288,69,1.880,56,13%,234%,0.33%,1.66%,0.64%,98.77%,102.80%,78.54,1.14%,-0.71%,,,,,,,,,,,,
,,,,,,,,,,,,,,,,,,2017,9/5/2017,1.954,00,,,2/6/2023,,2/6/2023,,,,,1.10%,1.954,00,21.44,6.486,89,1.288,69,1.880,56,13%,232%,0.33%,1.66%,0.64%,97.85%,101.87%,78.54,1.14%,-0.26%,,,,,,,,,,,,
,,,,,,,,,,,,,,,,,,2017,9/6/2017,1.951,00,,,2/13/2023,,2/13/2023,,,,,1.10%,1.951,00,21.44,6.486,89,1.288,69,1.880,56,13%,232%,0.33%,1.66%,0.64%,98.15%,102.18%,78.54,1.14%,-0.41%,,,,,,,,,,,,
,,,,,,,,,,,,,,,,,,2017,9/7/2017,1.980,00,,,2/20/2023,,2/21/2023,,,,,1.08%,1.980,00,21.44,6.486,89,1.288,69,1.880,56,13%,228%,0.33%,1.66%,0.63%,95.25%,99.22%,78.54,1.14%,0.00%,,,,,,,,,,,,
,,,,,,,,,,,,,,,,,,2017,9/8/2017,2.073,00,,,2/27/2023,,2/27/2023,,,,,1.03%,2.073,00,21.44,6.486,89,1.288,69,1.880,56,15%,213%,0.33%,1.66%,0.60%,86.49%,90.28%,78.54,1.14%,0.00%,,,,,,,,,,,,
,,,,,,,,,,,,,,,,,,2017,9/11/2017,2.128,00,,,3/6/2023,,3/6/2023,,,,,1.01%,2.128,00,21.44,6.486,89,1.288,69,1.880,56,16%,205%,0.33%,1.66%,0.59%,81.67%,85.36%,78.54,1.14%,0.00%,,,,,,,,,,,,
,,,,,,,,,,,,,,,,,,2017,9/12/2017,2.128,00,,,3/13/2023,,3/13/2023,,,,,1.01%,2.128,00,21.44,6.486,89,1.288,69,1.880,56,16%,205%,0.33%,1.66%,0.59%,81.67%,85.36%,78.54,1.14%,0.00%,,,,,,,,,,,,
,,,,,,,,,,,,,,,,,,2017,9/13/2017,2.048,00,,,3/20/2023,,3/20/2023,,,,,1.05%,2.048,00,21.44,6.486,89,1.288,69,1.880,56,15%,217%,0.33%,1.66%,0.61%,88.77%,92.60%,78.54,1.14%,-3.76%,,,,,,,,,,,,
,,,,,,,,,,,,,,,,,,2017,9/14/2017,2.079,00,,,3/27/2023,,3/27/2023,,,,,1.03%,2.079,00,21.44,6.486,89,1.288,69,1.880,56,15%,212%,0.33%,1.66%,0.60%,85.95%,89.73%,78.54,1.14%,-2.30%,,,,,,,,,,,,
,,,,,,,,,,,,,,,,,,2017,9/15/2017,2.044,00,,,4/3/2023,,4/3/2023,,,,,1.05%,2.044,00,21.44,6.486,89,1.288,69,1.880,56,15%,217%,0.33%,1.66%,0.61%,89.14%,92.98%,78.54,1.14%,-3.95%,,,,,,,,,,,,
,,,,,,,,,,,,,,,,,,2017,9/18/2017,2.011,00,,,4/11/2023,,4/10/2023,,,,,1.07%,2.011,00,21.44,6.486,89,1.288,69,1.880,56,14%,223%,0.33%,1.66%,0.62%,92.24%,96.15%,78.54,1.14%,-5.50%,,,,,,,,,,,,
,,,,,,,,,,,,,,,,,,2017,9/19/2017,2.021,00,,,4/17/2023,,4/17/2023,,,,,1.06%,2.021,00,21.44,6.486,89,1.288,69,1.880,56,14%,221%,0.33%,1.66%,0.62%,91.29%,95.18%,78.54,1.14%,-5.03%,,,,,,,,,,,,
,,,,,,,,,,,,,,,,,,2017,9/20/2017,2.005,00,,,4/24/2023,,4/24/2023,,,,,1.07%,2.005,00,21.44,6.486,89,1.288,69,1.880,56,14%,224%,0.33%,1.66%,0.62%,92.82%,96.74%,78.54,1.14%,-5.78%,,,,,,,,,,,,
,,,,,,,,,,,,,,,,,,2017,9/21/2017,1.972,00,,,5/2/2023,,5/1/2023,,,,,1.09%,1.972,00,21.44,6.486,89,1.288,69,1.880,56,13%,229%,0.33%,1.66%,0.63%,96.04%,100.03%,78.54,1.14%,-7.33%,,,,,,,,,,,,
,,,,,,,,,,,,,,,,,,2017,9/22/2017,1.990,00,,,5/8/2023,,5/8/2023,,,,,1.08%,1.990,00,21.44,6.486,89,1.288,69,1.880,56,13%,226%,0.33%,1.66%,0.63%,94.27%,98.22%,78.54,1.14%,-6.48%,,,,,,,,,,,,
,,,,,,,,,,,,,,,,,,2017,9/25/2017,2.022,00,,,5/15/2023,,5/15/2023,,,,,1.06%,2.022,00,21.44,6.486,89,1.288,69,1.880,56,14%,221%,0.33%,1.66%,0.62%,91.20%,95.08%,78.54,1.14%,-4.98%,,,,,,,,,,,,
,,,,,,,,,,,,,,,,,,2017,9/26/2017,2.000,00,,,5/22/2023,,5/22/2023,,,,,1.07%,2.000,00,21.44,6.486,89,1.288,69,1.880,56,14%,224%,0.33%,1.66%,0.63%,93.30%,97.23%,78.54,1.14%,-6.02%,,,,,,,,,,,,
,,,,,,,,,,,,,,,,,,2017,9/27/2017,2.010,00,,,5/29/2023,,5/30/2023,,,,,1.07%,2.010,00,21.44,6.486,89,1.288,69,1.880,56,14%,223%,0.33%,1.66%,0.62%,92.34%,96.25%,78.54,1.14%,-5.55%,,,,,,,,,,,,
,,,,,,,,,,,,,,,,,,2017,9/28/2017,2.007,00,,,6/5/2023,,6/5/2023,,,,,1.07%,2.007,00,21.44,6.486,89,1.288,69,1.880,56,14%,223%,0.33%,1.66%,0.62%,92.63%,96.54%,78.54,1.14%,-5.69%,,,,,,,,,,,,
,,,,,,,,,,,,,,,,,,2017,9/29/2017,2.040,00,,,6/12/2023,,6/12/2023,,,,,1.05%,2.040,00,21.44,6.486,89,1.288,69,1.880,56,14%,218%,0.33%,1.66%,0.61%,89.51%,93.36%,78.54,1.14%,-4.14%,,,,,,,,,,,,
,,,,,,,,,,,,,,,,,,2017,10/2/2017,2.068,00,,,6/19/2023,,6/20/2023,,,,,1.04%,2.068,00,21.44,6.486,89,1.288,69,1.880,56,15%,214%,0.33%,1.66%,0.60%,86.94%,90.74%,78.54,1.14%,-2.82%,,,,,,,,,,,,
,,,,,,,,,,,,,,,,,,2017,10/3/2017,2.100,00,,,6/26/2023,,6/26/2023,,,,,1.02%,2.100,00,21.44,6.486,89,1.288,69,1.880,56,16%,209%,0.33%,1.66%,0.60%,84.10%,87.84%,78.54,1.14%,-1.32%,,,,,,,,,,,,
,,,,,,,,,,,,,,,,,,2017,10/4/2017,2.119,00,,,7/3/2023,,7/3/2023,,,,,1.01%,2.119,00,21.44,6.486,89,1.288,69,1.880,56,16%,206%,0.33%,1.66%,0.59%,82.44%,86.15%,78.54,1.14%,-0.42%,,,,,,,,,,,,
,,,,,,,,,,,,,,,,,,2017,10/5/2017,2.122,00,,,7/10/2023,,7/10/2023,,,,,1.01%,2.122,00,21.44,6.486,89,1.288,69,1.880,56,16%,206%,0.33%,1.66%,0.59%,82.19%,85.89%,78.54,1.14%,-0.28%,,,,,,,,,,,,
,,,,,,,,,,,,,,,,,,2017,10/6/2017,2.149,00,,,7/17/2023,,7/17/2023,,,,,1.00%,2.149,00,21.44,6.486,89,1.288,69,1.880,56,17%,202%,0.33%,1.66%,0.58%,79.90%,83.55%,78.54,1.14%,0.00%,,,,,,,,,,,,
,,,,,,,,,,,,,,,,,,2017,10/9/2017,2.150,00,,,7/24/2023,,7/24/2023,,,,,1.00%,2.150,00,21.44,6.486,89,1.288,69,1.880,56,17%,202%,0.33%,1.66%,0.58%,79.81%,83.47%,78.54,1.14%,0.00%,,,,,,,,,,,,
,,,,,,,,,,,,,,,,,,2017,10/10/2017,2.145,00,,,7/31/2023,,7/31/2023,,,,,1.00%,2.145,00,21.44,6.486,89,1.288,69,1.880,56,16%,202%,0.33%,1.66%,0.58%,80.23%,83.89%,78.54,1.14%,-0.23%,,,,,,,,,,,,
,,,,,,,,,,,,,,,,,,2017,10/11/2017,2.172,00,,,8/7/2023,,8/7/2023,,,,,0.99%,2.172,00,21.44,6.486,89,1.288,69,1.880,56,17%,199%,0.33%,1.66%,0.58%,77.99%,81.61%,78.54,1.14%,0.00%,,,,,,,,,,,,
,,,,,,,,,,,,,,,,,,2017,10/12/2017,2.175,00,,,8/14/2023,,8/14/2023,,,,,0.99%,2.175,00,21.44,6.486,89,1.288,69,1.880,56,17%,198%,0.33%,1.66%,0.57%,77.75%,81.36%,78.54,1.14%,0.00%,,,,,,,,,,,,
,,,,,,,,,,,,,,,,,,2017,10/13/2017,2.153,00,,,8/21/2023,,8/21/2023,,,,,1.00%,2.153,00,21.44,6.486,89,1.288,69,1.880,56,17%,201%,0.33%,1.66%,0.58%,79.56%,83.21%,78.54,1.14%,-1.01%,,,,,,,,,,,,
,,,,,,,,,,,,,,,,,,2017,10/16/2017,2.138,00,,,8/28/2023,,8/28/2023,,,,,1.00%,2.138,00,21.44,6.486,89,1.288,69,1.880,56,16%,203%,0.33%,1.66%,0.58%,80.82%,84.50%,78.54,1.14%,-1.70%,,,,,,,,,,,,
,,,,,,,,,,,,,,,,,,2017,10/17/2017,2.112,00,,,9/4/2023,,9/5/2023,,,,,1.02%,2.112,00,21.44,6.486,89,1.288,69,1.880,56,16%,207%,0.33%,1.66%,0.59%,83.05%,86.77%,78.54,1.14%,-2.90%,,,,,,,,,,,,
,,,,,,,,,,,,,,,,,,2017,10/18/2017,2.113,00,,,9/11/2023,,9/11/2023,,,,,1.01%,2.113,00,21.44,6.486,89,1.288,69,1.880,56,16%,207%,0.33%,1.66%,0.59%,82.96%,86.68%,78.54,1.14%,-2.85%,,,,,,,,,,,,
,,,,,,,,,,,,,,,,,,2017,10/19/2017,2.075,00,,,9/18/2023,,9/18/2023,,,,,1.03%,2.075,00,21.44,6.486,89,1.288,69,1.880,56,15%,213%,0.33%,1.66%,0.60%,86.31%,90.10%,78.54,1.14%,-4.60%,,,,,,,,,,,,
,,,,,,,,,,,,,,,,,,2017,10/20/2017,2.050,00,,,9/25/2023,,9/25/2023,,,,,1.05%,2.050,00,21.44,6.486,89,1.288,69,1.880,56,15%,216%,0.33%,1.66%,0.61%,88.59%,92.42%,78.54,1.14%,-5.75%,,,,,,,,,,,,
,,,,,,,,,,,,,,,,,,2017,10/23/2017,2.050,00,,,10/2/2023,,10/2/2023,,,,,1.05%,2.050,00,21.44,6.486,89,1.288,69,1.880,56,15%,216%,0.33%,1.66%,0.61%,88.59%,92.42%,78.54,1.14%,-5.75%,,,,,,,,,,,,
,,,,,,,,,,,,,,,,,,2017,10/24/2017,2.032,00,,,10/9/2023,,10/9/2023,,,,,1.06%,2.032,00,21.44,6.486,89,1.288,69,1.880,56,14%,219%,0.33%,1.66%,0.62%,90.26%,94.12%,78.54,1.14%,-6.57%,,,,,,,,,,,,
,,,,,,,,,,,,,,,,,,2017,10/25/2017,2.055,00,,,10/16/2023,,10/16/2023,,,,,1.04%,2.055,00,21.44,6.486,89,1.288,69,1.880,56,15%,216%,0.33%,1.66%,0.61%,88.13%,91.95%,78.54,1.14%,-5.52%,,,,,,,,,,,,
,,,,,,,,,,,,,,,,,,2017,10/26/2017,2.044,00,,,10/23/2023,,10/23/2023,,,,,1.05%,2.044,00,21.44,6.486,89,1.288,69,1.880,56,15%,217%,0.33%,1.66%,0.61%,89.14%,92.98%,78.54,1.14%,-6.02%,,,,,,,,,,,,
,,,,,,,,,,,,,,,,,,2017,10/27/2017,2.055,00,,,10/30/2023,,10/30/2023,,,,,1.04%,2.055,00,21.44,6.486,89,1.288,69,1.880,56,15%,216%,0.33%,1.66%,0.61%,88.13%,91.95%,78.54,1.14%,-5.52%,,,,,,,,,,,,
,,,,,,,,,,,,,,,,,,2017,10/30/2017,2.060,00,,,11/6/2023,,11/6/2023,,,,,1.04%,2.060,00,21.44,6.486,89,1.288,69,1.880,56,15%,215%,0.33%,1.66%,0.61%,87.67%,91.48%,78.54,1.14%,-5.29%,,,,,,,,,,,,
,,,,,,,,,,,,,,,,,,2017,10/31/2017,2.056,00,,,11/13/2023,,11/13/2023,,,,,1.04%,2.056,00,21.44,6.486,89,1.288,69,1.880,56,15%,216%,0.33%,1.66%,0.61%,88.04%,91.86%,78.54,1.14%,-5.47%,,,,,,,,,,,,
,,,,,,,,,,,,,,,,,,2017,11/1/2017,2.099,00,,,11/20/2023,,11/20/2023,,,,,1.02%,2.099,00,21.44,6.486,89,1.288,69,1.880,56,16%,209%,0.33%,1.66%,0.60%,84.18%,87.92%,78.54,1.14%,-3.49%,,,,,,,,,,,,
,,,,,,,,,,,,,,,,,,2017,11/2/2017,2.113,00,,,11/27/2023,,11/27/2023,,,,,1.01%,2.113,00,21.44,6.486,89,1.288,69,1.880,56,16%,207%,0.33%,1.66%,0.59%,82.96%,86.68%,78.54,1.14%,-2.85%,,,,,,,,,,,,
,,,,,,,,,,,,,,,,,,2017,11/3/2017,2.190,00,,,12/4/2023,,12/4/2023,,,,,0.98%,2.190,00,21.44,6.486,89,1.288,69,1.880,56,17%,196%,0.33%,1.66%,0.57%,76.53%,80.12%,78.54,1.14%,0.00%,,,,,,,,,,,,
,,,,,,,,,,,,,,,,,,2017,11/6/2017,2.188,00,,,12/11/2023,,12/11/2023,,,,,0.98%,2.188,00,21.44,6.486,89,1.288,69,1.880,56,17%,196%,0.33%,1.66%,0.57%,76.69%,80.28%,78.54,1.14%,-0.09%,,,,,,,,,,,,
,,,,,,,,,,,,,,,,,,2017,11/7/2017,2.157,00,,,12/18/2023,,12/18/2023,,,,,0.99%,2.157,00,21.44,6.486,89,1.288,69,1.880,56,17%,201%,0.33%,1.66%,0.58%,79.23%,82.87%,78.54,1.14%,-1.51%,,,,,,,,,,,,
,,,,,,,,,,,,,,,,,,2017,11/8/2017,2.168,00,,,12/26/2023,,12/26/2023,,,,,0.99%,2.168,00,21.44,6.486,89,1.288,69,1.880,56,17%,199%,0.33%,1.66%,0.58%,78.32%,81.94%,78.54,1.14%,-1.00%,,,,,,,,,,,,
,,,,,,,,,,,,,,,,,,2017,11/9/2017,2.155,00,,,1/2/2024,,1/2/2024,,,,,0.99%,2.155,00,21.44,6.486,89,1.288,69,1.880,56,17%,201%,0.33%,1.66%,0.58%,79.40%,83.04%,78.54,1.14%,-1.60%,,,,,,,,,,,,
,,,,,,,,,,,,,,,,,,2017,11/10/2017,2.155,00,,,1/8/2024,,1/8/2024,,,,,0.99%,2.155,00,21.44,6.486,89,1.288,69,1.880,56,17%,201%,0.33%,1.66%,0.58%,79.40%,83.04%,78.54,1.14%,-1.60%,,,,,,,,,,,,
,,,,,,,,,,,,,,,,,,2017,11/13/2017,2.150,00,,,1/15/2024,,1/16/2024,,,,,1.00%,2.150,00,21.44,6.486,89,1.288,69,1.880,56,17%,202%,0.33%,1.66%,0.58%,79.81%,83.47%,78.54,1.14%,-1.83%,,,,,,,,,,,,
,,,,,,,,,,,,,,,,,,2017,11/14/2017,2.150,00,,,,,1/22/2024,,,,,1.00%,2.150,00,21.44,6.486,89,1.288,69,1.880,56,17%,202%,0.33%,1.66%,0.58%,79.81%,83.47%,78.54,1.14%,-1.83%,,,,,,,,,,,,
,,,,,,,,,,,,,,,,,,2017,11/15/2017,2.155,00,,,,,1/29/2024,,,,,0.99%,2.155,00,21.44,6.486,89,1.288,69,1.880,56,17%,201%,0.33%,1.66%,0.58%,79.40%,83.04%,78.54,1.14%,-1.60%,,,,,,,,,,,,
,,,,,,,,,,,,,,,,,,2017,11/16/2017,2.151,00,,,,,2/5/2024,,,,,1.00%,2.151,00,21.44,6.486,89,1.288,69,1.880,56,17%,202%,0.33%,1.66%,0.58%,79.73%,83.38%,78.54,1.14%,-1.78%,,,,,,,,,,,,
,,,,,,,,,,,,,,,,,,2017,11/17/2017,2.125,00,,,,,2/12/2024,,,,,1.01%,2.125,00,21.44,6.486,89,1.288,69,1.880,56,16%,205%,0.33%,1.66%,0.59%,81.93%,85.63%,78.54,1.14%,-2.97%,,,,,,,,,,,,
,,,,,,,,,,,,,,,,,,2017,11/20/2017,2.120,00,,,,,2/20/2024,,,,,1.01%,2.120,00,21.44,6.486,89,1.288,69,1.880,56,16%,206%,0.33%,1.66%,0.59%,82.36%,86.06%,78.54,1.14%,-3.20%,,,,,,,,,,,,
,,,,,,,,,,,,,,,,,,2017,11/21/2017,2.130,00,,,,,2/26/2024,,,,,1.01%,2.130,00,21.44,6.486,89,1.288,69,1.880,56,16%,205%,0.33%,1.66%,0.59%,81.50%,85.19%,78.54,1.14%,-2.74%,,,,,,,,,,,,
,,,,,,,,,,,,,,,,,,2017,11/22/2017,2.151,00,,,,,3/4/2024,,,,,1.00%,2.151,00,21.44,6.486,89,1.288,69,1.880,56,17%,202%,0.33%,1.66%,0.58%,79.73%,83.38%,78.54,1.14%,-1.78%,,,,,,,,,,,,
,,,,,,,,,,,,,,,,,,2017,11/23/2017,2.177,00,,,,,3/11/2024,,,,,0.98%,2.177,00,21.44,6.486,89,1.288,69,1.880,56,17%,198%,0.33%,1.66%,0.57%,77.58%,81.19%,78.54,1.14%,-0.59%,,,,,,,,,,,,
,,,,,,,,,,,,,,,,,,2017,11/24/2017,2.192,00,,,,,3/18/2024,,,,,0.98%,2.192,00,21.44,6.486,89,1.288,69,1.880,56,17%,196%,0.33%,1.66%,0.57%,76.37%,79.95%,78.54,1.14%,0.00%,,,,,,,,,,,,
,,,,,,,,,,,,,,,,,,2017,11/27/2017,2.215,00,,,,,3/25/2024,,,,,0.97%,2.215,00,21.44,6.486,89,1.288,69,1.880,56,18%,193%,0.33%,1.66%,0.56%,74.54%,78.08%,78.54,1.14%,0.00%,,,,,,,,,,,,
,,,,,,,,,,,,,,,,,,2017,11/28/2017,2.244,00,,,,,4/1/2024,,,,,0.96%,2.244,00,21.44,6.486,89,1.288,69,1.880,56,18%,189%,0.33%,1.66%,0.56%,72.28%,75.78%,78.54,1.14%,0.00%,,,,,,,,,,,,
,,,,,,,,,,,,,,,,,,2017,11/29/2017,2.249,00,,,,,4/8/2024,,,,,0.95%,2.249,00,21.44,6.486,89,1.288,69,1.880,56,18%,188%,0.33%,1.66%,0.56%,71.90%,75.39%,78.54,1.14%,0.00%,,,,,,,,,,,,
,,,,,,,,,,,,,,,,,,2017,11/30/2017,2.206,00,,,,,4/15/2024,,,,,0.97%,2.206,00,21.44,6.486,89,1.288,69,1.880,56,18%,194%,0.33%,1.66%,0.57%,75.25%,78.81%,78.54,1.14%,-1.91%,,,,,,,,,,,,
,,,,,,,,,,,,,,,,,,2017,12/1/2017,2.147,00,,,,,4/22/2024,,,,,1.00%,2.147,00,21.44,6.486,89,1.288,69,1.880,56,17%,202%,0.33%,1.66%,0.58%,80.07%,83.72%,78.54,1.14%,-4.54%,,,,,,,,,,,,
,,,,,,,,,,,,,,,,,,2017,12/4/2017,2.102,00,,,,,4/29/2024,,,,,1.02%,2.102,00,21.44,6.486,89,1.288,69,1.880,56,16%,209%,0.33%,1.66%,0.59%,83.92%,87.66%,78.54,1.14%,-6.54%,,,,,,,,,,,,
,,,,,,,,,,,,,,,,,,2017,12/5/2017,2.080,00,,,,,5/6/2024,,,,,1.03%,2.080,00,21.44,6.486,89,1.288,69,1.880,56,15%,212%,0.33%,1.66%,0.60%,85.87%,89.64%,78.54,1.14%,-7.51%,,,,,,,,,,,,
,,,,,,,,,,,,,,,,,,2017,12/6/2017,2.041,00,,,,,5/13/2024,,,,,1.05%,2.041,00,21.44,6.486,89,1.288,69,1.880,56,14%,218%,0.33%,1.66%,0.61%,89.42%,93.27%,78.54,1.14%,-9.25%,,,,,,,,,,,,
,,,,,,,,,,,,,,,,,,2017,12/7/2017,2.040,00,,,,,5/20/2024,,,,,1.05%,2.040,00,21.44,6.486,89,1.288,69,1.880,56,14%,218%,0.33%,1.66%,0.61%,89.51%,93.36%,78.54,1.14%,-9.29%,,,,,,,,,,,,
,,,,,,,,,,,,,,,,,,2017,12/8/2017,2.055,00,,,,,5/28/2024,,,,,1.04%,2.055,00,21.44,6.486,89,1.288,69,1.880,56,15%,216%,0.33%,1.66%,0.61%,88.13%,91.95%,78.54,1.14%,-8.63%,,,,,,,,,,,,
,,,,,,,,,,,,,,,,,,2017,12/11/2017,2.070,00,,,,,6/3/2024,,,,,1.04%,2.070,00,21.44,6.486,89,1.288,69,1.880,56,15%,213%,0.33%,1.66%,0.60%,86.76%,90.56%,78.54,1.14%,-7.96%,,,,,,,,,,,,
,,,,,,,,,,,,,,,,,,2017,12/12/2017,2.046,00,,,,,6/10/2024,,,,,1.05%,2.046,00,21.44,6.486,89,1.288,69,1.880,56,15%,217%,0.33%,1.66%,0.61%,88.95%,92.79%,78.54,1.14%,-9.03%,,,,,,,,,,,,
,,,,,,,,,,,,,,,,,,2017,12/13/2017,2.021,00,,,,,6/17/2024,,,,,1.06%,2.021,00,21.44,6.486,89,1.288,69,1.880,56,14%,221%,0.33%,1.66%,0.62%,91.29%,95.18%,78.54,1.14%,-10.14%,,,,,,,,,,,,
,,,,,,,,,,,,,,,,,,2017,12/14/2017,1.987,00,,,,,6/24/2024,,,,,1.08%,1.987,00,21.44,6.486,89,1.288,69,1.880,56,13%,226%,0.33%,1.66%,0.63%,94.56%,98.52%,78.54,1.14%,-11.65%,,,,,,,,,,,,
,,,,,,,,,,,,,,,,,,2017,12/15/2017,1.985,00,,,,,7/1/2024,,,,,1.08%,1.985,00,21.44,6.486,89,1.288,69,1.880,56,13%,227%,0.33%,1.66%,0.63%,94.76%,98.72%,78.54,1.14%,-11.74%,,,,,,,,,,,,
,,,,,,,,,,,,,,,,,,2017,12/18/2017,2.024,00,,,,,7/8/2024,,,,,1.06%,2.024,00,21.44,6.486,89,1.288,69,1.880,56,14%,220%,0.33%,1.66%,0.62%,91.01%,94.89%,78.54,1.14%,-10.00%,,,,,,,,,,,,
,,,,,,,,,,,,,,,,,,2017,12/19/2017,2.068,00,,,,,7/15/2024,,,,,1.04%,2.068,00,21.44,6.486,89,1.288,69,1.880,56,15%,214%,0.33%,1.66%,0.60%,86.94%,90.74%,78.54,1.14%,-8.05%,,,,,,,,,,,,
,,,,,,,,,,,,,,,,,,2017,12/20/2017,2.035,00,,,,,7/22/2024,,,,,1.05%,2.035,00,21.44,6.486,89,1.288,69,1.880,56,14%,219%,0.33%,1.66%,0.61%,89.98%,93.83%,78.54,1.14%,-9.52%,,,,,,,,,,,,
,,,,,,,,,,,,,,,,,,2017,12/21/2017,2.056,00,,,,,7/29/2024,,,,,1.04%,2.056,00,21.44,6.486,89,1.288,69,1.880,56,15%,216%,0.33%,1.66%,0.61%,88.04%,91.86%,78.54,1.14%,-8.58%,,,,,,,,,,,,
,,,,,,,,,,,,,,,,,,2017,12/22/2017,2.044,00,,,,,8/5/2024,,,,,1.05%,2.044,00,21.44,6.486,89,1.288,69,1.880,56,15%,217%,0.33%,1.66%,0.61%,89.14%,92.98%,78.54,1.14%,-9.12%,,,,,,,,,,,,
,,,,,,,,,,,,,,,,,,2017,12/27/2017,2.064,00,,,,,8/12/2024,,,,,1.04%,2.064,00,21.44,6.486,89,1.288,69,1.880,56,15%,214%,0.33%,1.66%,0.61%,87.31%,91.11%,78.54,1.14%,-8.23%,,,,,,,,,,,,
,,,,,,,,,,,,,,,,,,2017,12/28/2017,2.050,00,,,,,8/19/2024,,,,,1.05%,2.050,00,21.44,6.486,89,1.288,69,1.880,56,15%,216%,0.33%,1.66%,0.61%,88.59%,92.42%,78.54,1.14%,-8.85%,,,,,,,,,,,,
,,,,,,,,,,,,,,,,,,2017,12/29/2017,2.096,00,,,,,8/26/2024,,,,,1.02%,2.096,00,21.44,6.486,89,1.288,69,1.880,56,16%,209%,0.33%,1.66%,0.60%,84.45%,88.19%,78.54,1.14%,-6.80%,,,,,,,,,,,,
,,,,,,,,,,,,,,,,,,2018,1/2/2018,2.028,00,,,,,9/3/2024,,,,,1.26%,2.028,00,25.50,7.715,28,1.532,73,2.236,67,8%,280%,0.33%,1.66%,0.62%,90.63%,93.45%,57.1,1.14%,-9.83%,,,,,,,,,,,,
,,,,,,,,,,,,,,,,,,2018,1/3/2018,2.064,00,,,,,9/9/2024,,,,,1.24%,2.064,00,25.50,7.715,28,1.532,73,2.236,67,9%,274%,0.33%,1.66%,0.61%,87.31%,90.07%,57.1,1.14%,-8.23%,,,,,,,,,,,,
,,,,,,,,,,,,,,,,,,2018,1/4/2018,2.052,00,,,,,9/16/2024,,,,,1.24%,2.052,00,25.50,7.715,28,1.532,73,2.236,67,8%,276%,0.33%,1.66%,0.61%,88.40%,91.18%,57.1,1.14%,-8.76%,,,,,,,,,,,,
,,,,,,,,,,,,,,,,,,2018,1/5/2018,2.040,00,,,,,9/23/2024,,,,,1.25%,2.040,00,25.50,7.715,28,1.532,73,2.236,67,8%,278%,0.33%,1.66%,0.61%,89.51%,92.31%,57.1,1.14%,-9.29%,,,,,,,,,,,,
,,,,,,,,,,,,,,,,,,2018,1/8/2018,2.006,00,,,,,9/30/2024,,,,,1.27%,2.006,00,25.50,7.715,28,1.532,73,2.236,67,8%,285%,0.33%,1.66%,0.62%,92.72%,95.57%,57.1,1.14%,-10.80%,,,,,,,,,,,,
,,,,,,,,,,,,,,,,,,2018,1/9/2018,2.046,00,,,,,10/7/2024,,,,,1.25%,2.046,00,25.50,7.715,28,1.532,73,2.236,67,8%,277%,0.33%,1.66%,0.61%,88.95%,91.74%,57.1,1.14%,-9.03%,,,,,,,,,,,,
,,,,,,,,,,,,,,,,,,2018,1/10/2018,1.987,00,,,,,10/14/2024,,,,,1.28%,1.987,00,25.50,7.715,28,1.532,73,2.236,67,7%,288%,0.33%,1.66%,0.63%,94.56%,97.44%,57.1,1.14%,-11.65%,,,,,,,,,,,,
,,,,,,,,,,,,,,,,,,2018,1/11/2018,1.986,00,,,,,10/21/2024,,,,,1.28%,1.986,00,25.50,7.715,28,1.532,73,2.236,67,7%,288%,0.33%,1.66%,0.63%,94.66%,97.54%,57.1,1.14%,-11.69%,,,,,,,,,,,,
,,,,,,,,,,,,,,,,,,2018,1/12/2018,1.970,00,,,,,10/28/2024,,,,,1.29%,1.970,00,25.50,7.715,28,1.532,73,2.236,67,7%,292%,0.33%,1.66%,0.63%,96.24%,99.14%,57.1,1.14%,-12.41%,,,,,,,,,,,,
,,,,,,,,,,,,,,,,,,2018,1/15/2018,1.972,00,,,,,11/4/2024,,,,,1.29%,1.972,00,25.50,7.715,28,1.532,73,2.236,67,7%,291%,0.33%,1.66%,0.63%,96.04%,98.94%,57.1,1.14%,-12.32%,,,,,,,,,,,,
,,,,,,,,,,,,,,,,,,2018,1/16/2018,1.984,00,,,,,11/11/2024,,,,,1.29%,1.984,00,25.50,7.715,28,1.532,73,2.236,67,7%,289%,0.33%,1.66%,0.63%,94.86%,97.74%,57.1,1.14%,-11.78%,,,,,,,,,,,,
,,,,,,,,,,,,,,,,,,2018,1/17/2018,1.995,00,,,,,11/18/2024,,,,,1.28%,1.995,00,25.50,7.715,28,1.532,73,2.236,67,7%,287%,0.33%,1.66%,0.63%,93.78%,96.65%,57.1,1.14%,-11.29%,,,,,,,,,,,,
,,,,,,,,,,,,,,,,,,2018,1/18/2018,2.018,00,,,,,11/25/2024,,,,,1.26%,2.018,00,25.50,7.715,28,1.532,73,2.236,67,8%,282%,0.33%,1.66%,0.62%,91.58%,94.41%,57.1,1.14%,-10.27%,,,,,,,,,,,,
,,,,,,,,,,,,,,,,,,2018,1/19/2018,2.040,00,,,,,12/2/2024,,,,,1.25%,2.040,00,25.50,7.715,28,1.532,73,2.236,67,8%,278%,0.33%,1.66%,0.61%,89.51%,92.31%,57.1,1.14%,-9.29%,,,,,,,,,,,,
,,,,,,,,,,,,,,,,,,2018,1/22/2018,2.072,00,,,,,12/9/2024,,,,,1.23%,2.072,00,25.50,7.715,28,1.532,73,2.236,67,9%,272%,0.33%,1.66%,0.60%,86.58%,89.34%,57.1,1.14%,-7.87%,,,,,,,,,,,,
,,,,,,,,,,,,,,,,,,2018,1/23/2018,2.094,00,,,,,12/16/2024,,,,,1.22%,2.094,00,25.50,7.715,28,1.532,73,2.236,67,9%,268%,0.33%,1.66%,0.60%,84.62%,87.35%,57.1,1.14%,-6.89%,,,,,,,,,,,,
,,,,,,,,,,,,,,,,,,2018,1/24/2018,2.062,00,,,,,12/23/2024,,,,,1.24%,2.062,00,25.50,7.715,28,1.532,73,2.236,67,9%,274%,0.33%,1.66%,0.61%,87.49%,90.26%,57.1,1.14%,-8.31%,,,,,,,,,,,,
,,,,,,,,,,,,,,,,,,2018,1/25/2018,2.246,00,,,,,12/30/2024,,,,,1.14%,2.246,00,25.50,7.715,28,1.532,73,2.236,67,12%,244%,0.33%,1.66%,0.56%,72.13%,74.67%,57.1,1.14%,-0.13%,,,,,,,,,,,,
,,,,,,,,,,,,,,,,,,2018,1/26/2018,2.328,00,,,,,1/6/2025,,,,,1.10%,2.328,00,25.50,7.715,28,1.532,73,2.236,67,13%,231%,0.33%,1.66%,0.54%,66.07%,68.52%,57.1,1.14%,0.00%,,,,,,,,,,,,
,,,,,,,,,,,,,,,,,,2018,1/29/2018,2.322,00,,,,,1/13/2025,,,,,1.10%,2.322,00,25.50,7.715,28,1.532,73,2.236,67,13%,232%,0.33%,1.66%,0.54%,66.49%,68.95%,57.1,1.14%,-0.26%,,,,,,,,,,,,
,,,,,,,,,,,,,,,,,,2018,1/30/2018,2.328,00,,,,,1/21/2025,,,,,1.10%,2.328,00,25.50,7.715,28,1.532,73,2.236,67,13%,231%,0.33%,1.66%,0.54%,66.07%,68.52%,57.1,1.14%,0.00%,,,,,,,,,,,,
,,,,,,,,,,,,,,,,,,2018,1/31/2018,2.400,00,,,,,1/27/2025,,,,,1.06%,2.400,00,25.50,7.715,28,1.532,73,2.236,67,14%,221%,0.33%,1.66%,0.52%,61.08%,63.46%,57.1,1.14%,0.00%,,,,,,,,,,,,
,,,,,,,,,,,,,,,,,,2018,2/1/2018,2.340,00,,,,,2/3/2025,,,,,1.09%,2.340,00,25.50,7.715,28,1.532,73,2.236,67,13%,230%,0.33%,1.66%,0.53%,65.21%,67.65%,57.1,1.14%,-2.50%,,,,,,,,,,,,
,,,,,,,,,,,,,,,,,,2018,2/2/2018,2.382,00,,,,,2/10/2025,,,,,1.07%,2.382,00,25.50,7.715,28,1.532,73,2.236,67,14%,224%,0.33%,1.66%,0.52%,62.30%,64.70%,57.1,1.14%,-0.75%,,,,,,,,,,,,
,,,,,,,,,,,,,,,,,,2018,2/5/2018,2.342,00,,,,,2/18/2025,,,,,1.09%,2.342,00,25.50,7.715,28,1.532,73,2.236,67,13%,229%,0.33%,1.66%,0.53%,65.07%,67.51%,57.1,1.14%,-2.42%,,,,,,,,,,,,
,,,,,,,,,,,,,,,,,,2018,2/6/2018,2.260,00,,,,,2/24/2025,,,,,1.13%,2.260,00,25.50,7.715,28,1.532,73,2.236,67,12%,241%,0.33%,1.66%,0.55%,71.06%,73.59%,57.1,1.14%,-5.83%,,,,,,,,,,,,
,,,,,,,,,,,,,,,,,,2018,2/7/2018,2.334,00,,,,,3/3/2025,,,,,1.09%,2.334,00,25.50,7.715,28,1.532,73,2.236,67,13%,231%,0.33%,1.66%,0.54%,65.64%,68.08%,57.1,1.14%,-2.75%,,,,,,,,,,,,
,,,,,,,,,,,,,,,,,,2018,2/8/2018,2.246,00,,,,,3/10/2025,,,,,1.14%,2.246,00,25.50,7.715,28,1.532,73,2.236,67,12%,244%,0.33%,1.66%,0.56%,72.13%,74.67%,57.1,1.14%,-6.42%,,,,,,,,,,,,
,,,,,,,,,,,,,,,,,,2018,2/9/2018,2.238,00,,,,,3/17/2025,,,,,1.14%,2.238,00,25.50,7.715,28,1.532,73,2.236,67,11%,245%,0.33%,1.66%,0.56%,72.74%,75.29%,57.1,1.14%,-6.75%,,,,,,,,,,,,
,,,,,,,,,,,,,,,,,,2018,2/12/2018,2.294,00,,,,,3/24/2025,,,,,1.11%,2.294,00,25.50,7.715,28,1.532,73,2.236,67,12%,236%,0.33%,1.66%,0.54%,68.53%,71.02%,57.1,1.14%,-4.42%,,,,,,,,,,,,
,,,,,,,,,,,,,,,,,,2018,2/13/2018,2.252,00,,,,,3/31/2025,,,,,1.13%,2.252,00,25.50,7.715,28,1.532,73,2.236,67,12%,243%,0.33%,1.66%,0.56%,71.67%,74.21%,57.1,1.14%,-6.17%,,,,,,,,,,,,
,,,,,,,,,,,,,,,,,,2018,2/14/2018,2.258,00,,,,,4/7/2025,,,,,1.13%,2.258,00,25.50,7.715,28,1.532,73,2.236,67,12%,242%,0.33%,1.66%,0.55%,71.21%,73.74%,57.1,1.14%,-5.92%,,,,,,,,,,,,
,,,,,,,,,,,,,,,,,,2018,2/15/2018,2.250,00,,,,,4/14/2025,,,,,1.13%,2.250,00,25.50,7.715,28,1.532,73,2.236,67,12%,243%,0.33%,1.66%,0.56%,71.82%,74.36%,57.1,1.14%,-6.25%,,,,,,,,,,,,
,,,,,,,,,,,,,,,,,,2018,2/16/2018,2.250,00,,,,,4/21/2025,,,,,1.13%,2.250,00,25.50,7.715,28,1.532,73,2.236,67,12%,243%,0.33%,1.66%,0.56%,71.82%,74.36%,57.1,1.14%,-6.25%,,,,,,,,,,,,
,,,,,,,,,,,,,,,,,,2018,2/19/2018,2.234,00,,,,,4/28/2025,,,,,1.14%,2.234,00,25.50,7.715,28,1.532,73,2.236,67,11%,245%,0.33%,1.66%,0.56%,73.05%,75.61%,57.1,1.14%,-6.92%,,,,,,,,,,,,
,,,,,,,,,,,,,,,,,,2018,2/20/2018,2.252,00,,,,,5/5/2025,,,,,1.13%,2.252,00,25.50,7.715,28,1.532,73,2.236,67,12%,243%,0.33%,1.66%,0.56%,71.67%,74.21%,57.1,1.14%,-6.17%,,,,,,,,,,,,
,,,,,,,,,,,,,,,,,,2018,2/21/2018,2.258,00,,,,,5/12/2025,,,,,1.13%,2.258,00,25.50,7.715,28,1.532,73,2.236,67,12%,242%,0.33%,1.66%,0.55%,71.21%,73.74%,57.1,1.14%,-5.92%,,,,,,,,,,,,
,,,,,,,,,,,,,,,,,,2018,2/22/2018,2.310,00,,,,,5/19/2025,,,,,1.10%,2.310,00,25.50,7.715,28,1.532,73,2.236,67,13%,234%,0.33%,1.66%,0.54%,67.36%,69.83%,57.1,1.14%,-3.75%,,,,,,,,,,,,
,,,,,,,,,,,,,,,,,,2018,2/23/2018,2.326,00,,,,,5/27/2025,,,,,1.10%,2.326,00,25.50,7.715,28,1.532,73,2.236,67,13%,232%,0.33%,1.66%,0.54%,66.21%,68.66%,57.1,1.14%,-3.08%,,,,,,,,,,,,
,,,,,,,,,,,,,,,,,,2018,2/26/2018,2.378,00,,,,,6/2/2025,,,,,1.07%,2.378,00,25.50,7.715,28,1.532,73,2.236,67,14%,224%,0.33%,1.66%,0.53%,62.57%,64.97%,57.1,1.14%,-0.92%,,,,,,,,,,,,
,,,,,,,,,,,,,,,,,,2018,2/27/2018,2.478,00,,,,,6/9/2025,,,,,1.03%,2.478,00,25.50,7.715,28,1.532,73,2.236,67,15%,211%,0.33%,1.66%,0.50%,56.01%,58.32%,57.1,1.14%,0.00%,,,,,,,,,,,,
,,,,,,,,,,,,,,,,,,2018,2/28/2018,2.518,00,,,,,6/16/2025,,,,,1.01%,2.518,00,25.50,7.715,28,1.532,73,2.236,67,16%,206%,0.33%,1.66%,0.50%,53.53%,55.80%,57.1,1.14%,0.00%,,,,,,,,,,,,
,,,,,,,,,,,,,,,,,,2018,3/1/2018,2.520,00,,,,,6/23/2025,,,,,1.01%,2.520,00,25.50,7.715,28,1.532,73,2.236,67,16%,206%,0.33%,1.66%,0.50%,53.41%,55.68%,57.1,1.14%,0.00%,,,,,,,,,,,,
,,,,,,,,,,,,,,,,,,2018,3/2/2018,2.548,00,,,,,6/30/2025,,,,,1.00%,2.548,00,25.50,7.715,28,1.532,73,2.236,67,16%,203%,0.33%,1.66%,0.49%,51.73%,53.97%,57.1,1.14%,0.00%,,,,,,,,,,,,
,,,,,,,,,,,,,,,,,,2018,3/5/2018,2.540,00,,,,,7/7/2025,,,,,1.00%,2.540,00,25.50,7.715,28,1.532,73,2.236,67,16%,204%,0.33%,1.66%,0.49%,52.20%,54.45%,57.1,1.14%,-0.31%,,,,,,,,,,,,
,,,,,,,,,,,,,,,,,,2018,3/6/2018,2.544,00,,,,,7/14/2025,,,,,1.00%,2.544,00,25.50,7.715,28,1.532,73,2.236,67,16%,203%,0.33%,1.66%,0.49%,51.97%,54.21%,57.1,1.14%,-0.16%,,,,,,,,,,,,
,,,,,,,,,,,,,,,,,,2018,3/7/2018,2.560,00,,,,,7/21/2025,,,,,1.00%,2.560,00,25.50,7.715,28,1.532,73,2.236,67,17%,201%,0.33%,1.66%,0.49%,51.02%,53.25%,57.1,1.14%,0.00%,,,,,,,,,,,,
,,,,,,,,,,,,,,,,,,2018,3/8/2018,2.550,00,,,,,7/28/2025,,,,,1.00%,2.550,00,25.50,7.715,28,1.532,73,2.236,67,16%,203%,0.33%,1.66%,0.49%,51.61%,53.85%,57.1,1.14%,-0.39%,,,,,,,,,,,,
,,,,,,,,,,,,,,,,,,2018,3/9/2018,2.550,00,,,,,8/4/2025,,,,,1.00%,2.550,00,25.50,7.715,28,1.532,73,2.236,67,16%,203%,0.33%,1.66%,0.49%,51.61%,53.85%,57.1,1.14%,-0.39%,,,,,,,,,,,,
,,,,,,,,,,,,,,,,,,2018,3/12/2018,2.600,00,,,,,8/11/2025,,,,,0.98%,2.600,00,25.50,7.715,28,1.532,73,2.236,67,17%,197%,0.33%,1.66%,0.48%,48.69%,50.89%,57.1,1.14%,0.00%,,,,,,,,,,,,
,,,,,,,,,,,,,,,,,,2018,3/13/2018,2.620,00,,,,,8/18/2025,,,,,0.97%,2.620,00,25.50,7.715,28,1.532,73,2.236,67,18%,194%,0.33%,1.66%,0.48%,47.56%,49.74%,57.1,1.14%,0.00%,,,,,,,,,,,,
,,,,,,,,,,,,,,,,,,2018,3/14/2018,2.670,00,,,,,8/25/2025,,,,,0.96%,2.670,00,25.50,7.715,28,1.532,73,2.236,67,18%,189%,0.33%,1.66%,0.47%,44.79%,46.93%,57.1,1.14%,0.00%,,,,,,,,,,,,
,,,,,,,,,,,,,,,,,,2018,3/15/2018,2.690,00,,,,,9/2/2025,,,,,0.95%,2.690,00,25.50,7.715,28,1.532,73,2.236,67,19%,187%,0.33%,1.66%,0.46%,43.72%,45.84%,57.1,1.14%,0.00%,,,,,,,,,,,,
,,,,,,,,,,,,,,,,,,2018,3/16/2018,2.664,00,,,,,9/8/2025,,,,,0.96%,2.664,00,25.50,7.715,28,1.532,73,2.236,67,18%,190%,0.33%,1.66%,0.47%,45.12%,47.26%,57.1,1.14%,-0.97%,,,,,,,,,,,,
,,,,,,,,,,,,,,,,,,2018,3/19/2018,2.666,00,,,,,9/15/2025,,,,,0.96%,2.666,00,25.50,7.715,28,1.532,73,2.236,67,18%,189%,0.33%,1.66%,0.47%,45.01%,47.15%,57.1,1.14%,-0.89%,,,,,,,,,,,,
,,,,,,,,,,,,,,,,,,2018,3/20/2018,2.668,00,,,,,9/22/2025,,,,,0.96%,2.668,00,25.50,7.715,28,1.532,73,2.236,67,18%,189%,0.33%,1.66%,0.47%,44.90%,47.04%,57.1,1.14%,-0.82%,,,,,,,,,,,,
,,,,,,,,,,,,,,,,,,2018,3/21/2018,2.618,00,,,,,9/29/2025,,,,,0.97%,2.618,00,25.50,7.715,28,1.532,73,2.236,67,18%,195%,0.33%,1.66%,0.48%,47.67%,49.85%,57.1,1.14%,-2.68%,,,,,,,,,,,,
,,,,,,,,,,,,,,,,,,2018,3/22/2018,2.582,00,,,,,10/6/2025,,,,,0.99%,2.582,00,25.50,7.715,28,1.532,73,2.236,67,17%,199%,0.33%,1.66%,0.48%,49.73%,51.94%,57.1,1.14%,-4.01%,,,,,,,,,,,,
,,,,,,,,,,,,,,,,,,2018,3/23/2018,2.596,00,,,,,10/13/2025,,,,,0.98%,2.596,00,25.50,7.715,28,1.532,73,2.236,67,17%,197%,0.33%,1.66%,0.48%,48.92%,51.12%,57.1,1.14%,-3.49%,,,,,,,,,,,,
,,,,,,,,,,,,,,,,,,2018,3/26/2018,2.608,00,,,,,10/20/2025,,,,,0.98%,2.608,00,25.50,7.715,28,1.532,73,2.236,67,17%,196%,0.33%,1.66%,0.48%,48.24%,50.43%,57.1,1.14%,-3.05%,,,,,,,,,,,,
,,,,,,,,,,,,,,,,,,2018,3/27/2018,2.682,00,,,,,10/27/2025,,,,,0.95%,2.682,00,25.50,7.715,28,1.532,73,2.236,67,19%,188%,0.33%,1.66%,0.47%,44.15%,46.28%,57.1,1.14%,-0.30%,,,,,,,,,,,,
,,,,,,,,,,,,,,,,,,2018,3/28/2018,2.678,00,,,,,11/3/2025,,,,,0.95%,2.678,00,25.50,7.715,28,1.532,73,2.236,67,19%,188%,0.33%,1.66%,0.47%,44.36%,46.49%,57.1,1.14%,-0.45%,,,,,,,,,,,,
,,,,,,,,,,,,,,,,,,2018,3/29/2018,2.628,00,,,,,11/10/2025,,,,,0.97%,2.628,00,25.50,7.715,28,1.532,73,2.236,67,18%,194%,0.33%,1.66%,0.48%,47.11%,49.28%,57.1,1.14%,-2.30%,,,,,,,,,,,,
,,,,,,,,,,,,,,,,,,2018,4/3/2018,2.708,00,,,,,11/17/2025,,,,,0.94%,2.708,00,25.50,7.715,28,1.532,73,2.236,67,19%,185%,0.33%,1.66%,0.46%,42.76%,44.87%,57.1,1.14%,0.00%,,,,,,,,,,,,
,,,,,,,,,,,,,,,,,,2018,4/4/2018,2.672,00,,,,,11/24/2025,,,,,0.95%,2.672,00,25.50,7.715,28,1.532,73,2.236,67,18%,189%,0.33%,1.66%,0.47%,44.69%,46.82%,57.1,1.14%,-1.33%,,,,,,,,,,,,
,,,,,,,,,,,,,,,,,,2018,4/5/2018,2.766,00,,,,,12/1/2025,,,,,0.92%,2.766,00,25.50,7.715,28,1.532,73,2.236,67,20%,179%,0.33%,1.66%,0.45%,39.77%,41.83%,57.1,1.14%,0.00%,,,,,,,,,,,,
,,,,,,,,,,,,,,,,,,2018,4/6/2018,2.780,00,,,,,12/8/2025,,,,,0.92%,2.780,00,25.50,7.715,28,1.532,73,2.236,67,20%,178%,0.33%,1.66%,0.45%,39.06%,41.12%,57.1,1.14%,0.00%,,,,,,,,,,,,
,,,,,,,,,,,,,,,,,,2018,4/9/2018,2.798,00,,,,,12/15/2025,,,,,0.91%,2.798,00,25.50,7.715,28,1.532,73,2.236,67,20%,176%,0.33%,1.66%,0.45%,38.17%,40.21%,57.1,1.14%,0.00%,,,,,,,,,,,,
,,,,,,,,,,,,,,,,,,2018,4/10/2018,2.804,00,,,,,12/22/2025,,,,,0.91%,2.804,00,25.50,7.715,28,1.532,73,2.236,67,21%,175%,0.33%,1.66%,0.45%,37.87%,39.91%,57.1,1.14%,0.00%,,,,,,,,,,,,
,,,,,,,,,,,,,,,,,,2018,4/11/2018,2.794,00,,,,,12/29/2025,,,,,0.91%,2.794,00,25.50,7.715,28,1.532,73,2.236,67,20%,176%,0.33%,1.66%,0.45%,38.37%,40.41%,57.1,1.14%,-0.36%,,,,,,,,,,,,
,,,,,,,,,,,,,,,,,,2018,4/12/2018,2.834,00,,,,,1/5/2026,,,,,0.90%,2.834,00,25.50,7.715,28,1.532,73,2.236,67,21%,172%,0.33%,1.66%,0.44%,36.41%,38.43%,57.1,1.14%,0.00%,,,,,,,,,,,,
,,,,,,,,,,,,,,,,,,2018,4/13/2018,2.814,00,,,,,1/12/2026,,,,,0.91%,2.814,00,25.50,7.715,28,1.532,73,2.236,67,21%,174%,0.33%,1.66%,0.44%,37.38%,39.41%,57.1,1.14%,-0.71%,,,,,,,,,,,,
,,,,,,,,,,,,,,,,,,2018,4/16/2018,2.822,00,,,,,1/20/2026,,,,,0.90%,2.822,00,25.50,7.715,28,1.532,73,2.236,67,21%,173%,0.33%,1.66%,0.44%,37.00%,39.02%,57.1,1.14%,-0.42%,,,,,,,,,,,,
,,,,,,,,,,,,,,,,,,2018,4/17/2018,2.758,00,,,,,1/26/2026,,,,,0.92%,2.758,00,25.50,7.715,28,1.532,73,2.236,67,20%,180%,0.33%,1.66%,0.45%,40.17%,42.24%,57.1,1.14%,-2.68%,,,,,,,,,,,,
,,,,,,,,,,,,,,,,,,2018,4/18/2018,2.756,00,,,,,2/2/2026,,,,,0.93%,2.756,00,25.50,7.715,28,1.532,73,2.236,67,20%,180%,0.33%,1.66%,0.45%,40.28%,42.35%,57.1,1.14%,-2.75%,,,,,,,,,,,,
,,,,,,,,,,,,,,,,,,2018,4/19/2018,2.734,00,,,,,2/9/2026,,,,,0.93%,2.734,00,25.50,7.715,28,1.532,73,2.236,67,19%,182%,0.33%,1.66%,0.46%,41.40%,43.49%,57.1,1.14%,-3.53%,,,,,,,,,,,,
,,,,,,,,,,,,,,,,,,2018,4/20/2018,2.746,00,,,,,2/17/2026,,,,,0.93%,2.746,00,25.50,7.715,28,1.532,73,2.236,67,20%,181%,0.33%,1.66%,0.46%,40.79%,42.87%,57.1,1.14%,-3.11%,,,,,,,,,,,,
,,,,,,,,,,,,,,,,,,2018,4/23/2018,2.760,00,,,,,2/23/2026,,,,,0.92%,2.760,00,25.50,7.715,28,1.532,73,2.236,67,20%,180%,0.33%,1.66%,0.45%,40.07%,42.14%,57.1,1.14%,-2.61%,,,,,,,,,,,,
,,,,,,,,,,,,,,,,,,2018,4/24/2018,2.786,00,,,,,3/2/2026,,,,,0.92%,2.786,00,25.50,7.715,28,1.532,73,2.236,67,20%,177%,0.33%,1.66%,0.45%,38.77%,40.81%,57.1,1.14%,-1.69%,,,,,,,,,,,,
,,,,,,,,,,,,,,,,,,2018,4/25/2018,2.770,00,,,,,3/9/2026,,,,,0.92%,2.770,00,25.50,7.715,28,1.532,73,2.236,67,20%,179%,0.33%,1.66%,0.45%,39.57%,41.63%,57.1,1.14%,-2.26%,,,,,,,,,,,,
,,,,,,,,,,,,,,,,,,2018,4/26/2018,2.770,00,,,,,3/16/2026,,,,,0.92%,2.770,00,25.50,7.715,28,1.532,73,2.236,67,20%,179%,0.33%,1.66%,0.45%,39.57%,41.63%,57.1,1.14%,-2.26%,,,,,,,,,,,,
,,,,,,,,,,,,,,,,,,2018,4/27/2018,2.760,00,,,,,3/23/2026,,,,,0.92%,2.760,00,25.50,7.715,28,1.532,73,2.236,67,20%,180%,0.33%,1.66%,0.45%,40.07%,42.14%,57.1,1.14%,-2.61%,,,,,,,,,,,,
,,,,,,,,,,,,,,,,,,2018,4/30/2018,2.742,00,,,,,3/30/2026,,,,,0.93%,2.742,00,25.50,7.715,28,1.532,73,2.236,67,20%,181%,0.33%,1.66%,0.46%,40.99%,43.07%,57.1,1.14%,-3.25%,,,,,,,,,,,,
,,,,,,,,,,,,,,,,,,2018,5/1/2018,2.744,00,,,,,4/6/2026,,,,,0.93%,2.744,00,25.50,7.715,28,1.532,73,2.236,67,20%,181%,0.33%,1.66%,0.46%,40.89%,42.97%,57.1,1.14%,-3.18%,,,,,,,,,,,,
,,,,,,,,,,,,,,,,,,2018,5/2/2018,2.830,00,,,,,4/13/2026,,,,,0.90%,2.830,00,25.50,7.715,28,1.532,73,2.236,67,21%,173%,0.33%,1.66%,0.44%,36.61%,38.63%,57.1,1.14%,-0.14%,,,,,,,,,,,,
,,,,,,,,,,,,,,,,,,2018,5/3/2018,2.750,00,,,,,4/20/2026,,,,,0.93%,2.750,00,25.50,7.715,28,1.532,73,2.236,67,20%,181%,0.33%,1.66%,0.45%,40.58%,42.66%,57.1,1.14%,-2.96%,,,,,,,,,,,,
,,,,,,,,,,,,,,,,,,2018,5/4/2018,2.782,00,,,,,4/27/2026,,,,,0.92%,2.782,00,25.50,7.715,28,1.532,73,2.236,67,20%,177%,0.33%,1.66%,0.45%,38.96%,41.02%,57.1,1.14%,-1.83%,,,,,,,,,,,,
,,,,,,,,,,,,,,,,,,2018,5/8/2018,2.810,00,,,,,5/4/2026,,,,,0.91%,2.810,00,25.50,7.715,28,1.532,73,2.236,67,21%,175%,0.33%,1.66%,0.44%,37.58%,39.61%,57.1,1.14%,-0.85%,,,,,,,,,,,,
,,,,,,,,,,,,,,,,,,2018,5/9/2018,2.760,00,,,,,5/11/2026,,,,,0.92%,2.760,00,25.50,7.715,28,1.532,73,2.236,67,20%,180%,0.33%,1.66%,0.45%,40.07%,42.14%,57.1,1.14%,-2.61%,,,,,,,,,,,,
,,,,,,,,,,,,,,,,,,2018,5/10/2018,2.754,00,,,,,5/18/2026,,,,,0.93%,2.754,00,25.50,7.715,28,1.532,73,2.236,67,20%,180%,0.33%,1.66%,0.45%,40.38%,42.45%,57.1,1.14%,-2.82%,,,,,,,,,,,,
,,,,,,,,,,,,,,,,,,2018,5/11/2018,2.750,00,,,,,5/26/2026,,,,,0.93%,2.750,00,25.50,7.715,28,1.532,73,2.236,67,20%,181%,0.33%,1.66%,0.45%,40.58%,42.66%,57.1,1.14%,-2.96%,,,,,,,,,,,,
,,,,,,,,,,,,,,,,,,2018,5/14/2018,2.748,00,,,,,6/1/2026,,,,,0.93%,2.748,00,25.50,7.715,28,1.532,73,2.236,67,20%,181%,0.33%,1.66%,0.45%,40.68%,42.76%,57.1,1.14%,-3.03%,,,,,,,,,,,,
,,,,,,,,,,,,,,,,,,2018,5/15/2018,2.764,00,,,,,6/8/2026,,,,,0.92%,2.764,00,25.50,7.715,28,1.532,73,2.236,67,20%,179%,0.33%,1.66%,0.45%,39.87%,41.94%,57.1,1.14%,-2.47%,,,,,,,,,,,,
,,,,,,,,,,,,,,,,,,2018,5/16/2018,2.800,00,,,,,6/15/2026,,,,,0.91%,2.800,00,25.50,7.715,28,1.532,73,2.236,67,20%,176%,0.33%,1.66%,0.45%,38.07%,40.11%,57.1,1.14%,-1.20%,,,,,,,,,,,,
,,,,,,,,,,,,,,,,,,2018,5/17/2018,2.810,00,,,,,6/22/2026,,,,,0.91%,2.810,00,25.50,7.715,28,1.532,73,2.236,67,21%,175%,0.33%,1.66%,0.44%,37.58%,39.61%,57.1,1.14%,-0.85%,,,,,,,,,,,,
,,,,,,,,,,,,,,,,,,2018,5/18/2018,2.802,00,,,,,6/29/2026,,,,,0.91%,2.802,00,25.50,7.715,28,1.532,73,2.236,67,21%,175%,0.33%,1.66%,0.45%,37.97%,40.01%,57.1,1.14%,-1.13%,,,,,,,,,,,,
,,,,,,,,,,,,,,,,,,2018,5/21/2018,2.788,00,,,,,7/6/2026,,,,,0.91%,2.788,00,25.50,7.715,28,1.532,73,2.236,67,20%,177%,0.33%,1.66%,0.45%,38.67%,40.71%,57.1,1.14%,-1.62%,,,,,,,,,,,,
,,,,,,,,,,,,,,,,,,2018,5/22/2018,2.750,00,,,,,7/13/2026,,,,,0.93%,2.750,00,25.50,7.715,28,1.532,73,2.236,67,20%,181%,0.33%,1.66%,0.45%,40.58%,42.66%,57.1,1.14%,-2.96%,,,,,,,,,,,,
,,,,,,,,,,,,,,,,,,2018,5/23/2018,2.710,00,,,,,7/20/2026,,,,,0.94%,2.710,00,25.50,7.715,28,1.532,73,2.236,67,19%,185%,0.33%,1.66%,0.46%,42.66%,44.76%,57.1,1.14%,-4.38%,,,,,,,,,,,,
,,,,,,,,,,,,,,,,,,2018,5/24/2018,2.744,00,,,,,,,,,,0.93%,2.744,00,25.50,7.715,28,1.532,73,2.236,67,20%,181%,0.33%,1.66%,0.46%,40.89%,42.97%,57.1,1.14%,-3.18%,,,,,,,,,,,,
,,,,,,,,,,,,,,,,,,2018,5/25/2018,2.720,00,,,,,,,,,,0.94%,2.720,00,25.50,7.715,28,1.532,73,2.236,67,19%,184%,0.33%,1.66%,0.46%,42.13%,44.23%,57.1,1.14%,-4.02%,,,,,,,,,,,,
,,,,,,,,,,,,,,,,,,2018,5/29/2018,2.714,00,,,,,,,,,,0.94%,2.714,00,25.50,7.715,28,1.532,73,2.236,67,19%,184%,0.33%,1.66%,0.46%,42.45%,44.55%,57.1,1.14%,-4.23%,,,,,,,,,,,,
,,,,,,,,,,,,,,,,,,2018,5/30/2018,2.744,00,,,,,,,,,,0.93%,2.744,00,25.50,7.715,28,1.532,73,2.236,67,20%,181%,0.33%,1.66%,0.46%,40.89%,42.97%,57.1,1.14%,-3.18%,,,,,,,,,,,,
,,,,,,,,,,,,,,,,,,2018,5/31/2018,2.792,00,,,,,,,,,,0.91%,2.792,00,25.50,7.715,28,1.532,73,2.236,67,20%,176%,0.33%,1.66%,0.45%,38.47%,40.51%,57.1,1.14%,-1.48%,,,,,,,,,,,,
,,,,,,,,,,,,,,,,,,2018,6/1/2018,2.792,00,,,,,,,,,,0.91%,2.792,00,25.50,7.715,28,1.532,73,2.236,67,20%,176%,0.33%,1.66%,0.45%,38.47%,40.51%,57.1,1.14%,-1.48%,,,,,,,,,,,,
,,,,,,,,,,,,,,,,,,2018,6/4/2018,2.814,00,,,,,,,,,,0.91%,2.814,00,25.50,7.715,28,1.532,73,2.236,67,21%,174%,0.33%,1.66%,0.44%,37.38%,39.41%,57.1,1.14%,-0.71%,,,,,,,,,,,,
,,,,,,,,,,,,,,,,,,2018,6/5/2018,2.858,00,,,,,,,,,,0.89%,2.858,00,25.50,7.715,28,1.532,73,2.236,67,21%,170%,0.33%,1.66%,0.44%,35.27%,37.27%,57.1,1.14%,0.00%,,,,,,,,,,,,
,,,,,,,,,,,,,,,,,,2018,6/6/2018,2.806,00,,,,,,,,,,0.91%,2.806,00,25.50,7.715,28,1.532,73,2.236,67,21%,175%,0.33%,1.66%,0.45%,37.78%,39.81%,57.1,1.14%,-1.82%,,,,,,,,,,,,
,,,,,,,,,,,,,,,,,,2018,6/7/2018,2.770,00,,,,,,,,,,0.92%,2.770,00,25.50,7.715,28,1.532,73,2.236,67,20%,179%,0.33%,1.66%,0.45%,39.57%,41.63%,57.1,1.14%,-3.08%,,,,,,,,,,,,
,,,,,,,,,,,,,,,,,,2018,6/8/2018,2.760,00,,,,,,,,,,0.92%,2.760,00,25.50,7.715,28,1.532,73,2.236,67,20%,180%,0.33%,1.66%,0.45%,40.07%,42.14%,57.1,1.14%,-3.43%,,,,,,,,,,,,
,,,,,,,,,,,,,,,,,,2018,6/11/2018,2.824,00,,,,,,,,,,0.90%,2.824,00,25.50,7.715,28,1.532,73,2.236,67,21%,173%,0.33%,1.66%,0.44%,36.90%,38.92%,57.1,1.14%,-1.19%,,,,,,,,,,,,
,,,,,,,,,,,,,,,,,,2018,6/12/2018,2.774,00,,,,,,,,,,0.92%,2.774,00,25.50,7.715,28,1.532,73,2.236,67,20%,178%,0.33%,1.66%,0.45%,39.37%,41.42%,57.1,1.14%,-2.94%,,,,,,,,,,,,
,,,,,,,,,,,,,,,,,,2018,6/13/2018,2.772,00,,,,,,,,,,0.92%,2.772,00,25.50,7.715,28,1.532,73,2.236,67,20%,178%,0.33%,1.66%,0.45%,39.47%,41.53%,57.1,1.14%,-3.01%,,,,,,,,,,,,
,,,,,,,,,,,,,,,,,,2018,6/14/2018,2.796,00,,,,,,,,,,0.91%,2.796,00,25.50,7.715,28,1.532,73,2.236,67,20%,176%,0.33%,1.66%,0.45%,38.27%,40.31%,57.1,1.14%,-2.17%,,,,,,,,,,,,
,,,,,,,,,,,,,,,,,,2018,6/15/2018,2.732,00,,,,,,,,,,0.93%,2.732,00,25.50,7.715,28,1.532,73,2.236,67,19%,182%,0.33%,1.66%,0.46%,41.51%,43.60%,57.1,1.14%,-4.41%,,,,,,,,,,,,
,,,,,,,,,,,,,,,,,,2018,6/18/2018,2.748,00,,,,,,,,,,0.93%,2.748,00,25.50,7.715,28,1.532,73,2.236,67,20%,181%,0.33%,1.66%,0.45%,40.68%,42.76%,57.1,1.14%,-3.85%,,,,,,,,,,,,
,,,,,,,,,,,,,,,,,,2018,6/19/2018,2.718,00,,,,,,,,,,0.94%,2.718,00,25.50,7.715,28,1.532,73,2.236,67,19%,184%,0.33%,1.66%,0.46%,42.24%,44.34%,57.1,1.14%,-4.90%,,,,,,,,,,,,
,,,,,,,,,,,,,,,,,,2018,6/20/2018,2.768,00,,,,,,,,,,0.92%,2.768,00,25.50,7.715,28,1.532,73,2.236,67,20%,179%,0.33%,1.66%,0.45%,39.67%,41.73%,57.1,1.14%,-3.15%,,,,,,,,,,,,
,,,,,,,,,,,,,,,,,,2018,6/21/2018,2.770,00,,,,,,,,,,0.92%,2.770,00,25.50,7.715,28,1.532,73,2.236,67,20%,179%,0.33%,1.66%,0.45%,39.57%,41.63%,57.1,1.14%,-3.08%,,,,,,,,,,,,
,,,,,,,,,,,,,,,,,,2018,6/22/2018,2.822,00,,,,,,,,,,0.90%,2.822,00,25.50,7.715,28,1.532,73,2.236,67,21%,173%,0.33%,1.66%,0.44%,37.00%,39.02%,57.1,1.14%,-1.26%,,,,,,,,,,,,
,,,,,,,,,,,,,,,,,,2018,6/25/2018,2.734,00,,,,,,,,,,0.93%,2.734,00,25.50,7.715,28,1.532,73,2.236,67,19%,182%,0.33%,1.66%,0.46%,41.40%,43.49%,57.1,1.14%,-4.34%,,,,,,,,,,,,
,,,,,,,,,,,,,,,,,,2018,6/26/2018,2.758,00,,,,,,,,,,0.92%,2.758,00,25.50,7.715,28,1.532,73,2.236,67,20%,180%,0.33%,1.66%,0.45%,40.17%,42.24%,57.1,1.14%,-3.50%,,,,,,,,,,,,
,,,,,,,,,,,,,,,,,,2018,6/27/2018,2.782,00,,,,,,,,,,0.92%,2.782,00,25.50,7.715,28,1.532,73,2.236,67,20%,177%,0.33%,1.66%,0.45%,38.96%,41.02%,57.1,1.14%,-2.66%,,,,,,,,,,,,
,,,,,,,,,,,,,,,,,,2018,6/28/2018,2.762,00,,,,,,,,,,0.92%,2.762,00,25.50,7.715,28,1.532,73,2.236,67,20%,179%,0.33%,1.66%,0.45%,39.97%,42.04%,57.1,1.14%,-3.36%,,,,,,,,,,,,
,,,,,,,,,,,,,,,,,,2018,6/29/2018,2.782,00,,,,,,,,,,0.92%,2.782,00,25.50,7.715,28,1.532,73,2.236,67,20%,177%,0.33%,1.66%,0.45%,38.96%,41.02%,57.1,1.14%,-2.66%,,,,,,,,,,,,
,,,,,,,,,,,,,,,,,,2018,7/2/2018,2.730,00,,,,,,,,,,0.93%,2.730,00,25.50,7.715,28,1.532,73,2.236,67,19%,183%,0.33%,1.66%,0.46%,41.61%,43.70%,57.1,1.14%,-4.48%,,,,,,,,,,,,
,,,,,,,,,,,,,,,,,,2018,7/3/2018,2.770,00,,,,,,,,,,0.92%,2.770,00,25.50,7.715,28,1.532,73,2.236,67,20%,179%,0.33%,1.66%,0.45%,39.57%,41.63%,57.1,1.14%,-3.08%,,,,,,,,,,,,
,,,,,,,,,,,,,,,,,,2018,7/4/2018,2.800,00,,,,,,,,,,0.91%,2.800,00,25.50,7.715,28,1.532,73,2.236,67,20%,176%,0.33%,1.66%,0.45%,38.07%,40.11%,57.1,1.14%,-2.03%,,,,,,,,,,,,
,,,,,,,,,,,,,,,,,,2018,7/5/2018,2.832,00,,,,,,,,,,0.90%,2.832,00,25.50,7.715,28,1.532,73,2.236,67,21%,172%,0.33%,1.66%,0.44%,36.51%,38.53%,57.1,1.14%,-0.91%,,,,,,,,,,,,
,,,,,,,,,,,,,,,,,,2018,7/6/2018,2.916,00,,,,,,,,,,0.87%,2.916,00,25.50,7.715,28,1.532,73,2.236,67,22%,165%,0.33%,1.66%,0.43%,32.58%,34.54%,57.1,1.14%,0.00%,,,,,,,,,,,,
,,,,,,,,,,,,,,,,,,2018,7/9/2018,2.948,00,,,,,,,,,,0.86%,2.948,00,25.50,7.715,28,1.532,73,2.236,67,23%,162%,0.33%,1.66%,0.42%,31.14%,33.08%,57.1,1.14%,0.00%,,,,,,,,,,,,
,,,,,,,,,,,,,,,,,,2018,7/10/2018,2.956,00,,,,,,,,,,0.86%,2.956,00,25.50,7.715,28,1.532,73,2.236,67,23%,161%,0.33%,1.66%,0.42%,30.78%,32.72%,57.1,1.14%,0.00%,,,,,,,,,,,,
,,,,,,,,,,,,,,,,,,2018,7/11/2018,2.906,00,,,,,,,,,,0.88%,2.906,00,25.50,7.715,28,1.532,73,2.236,67,22%,165%,0.33%,1.66%,0.43%,33.04%,35.00%,57.1,1.14%,-1.69%,,,,,,,,,,,,
,,,,,,,,,,,,,,,,,,2018,7/12/2018,2.982,00,,,,,,,,,,0.86%,2.982,00,25.50,7.715,28,1.532,73,2.236,67,23%,159%,0.33%,1.66%,0.42%,29.64%,31.56%,57.1,1.14%,0.00%,,,,,,,,,,,,
,,,,,,,,,,,,,,,,,,2018,7/13/2018,2.950,00,,,,,,,,,,0.86%,2.950,00,25.50,7.715,28,1.532,73,2.236,67,23%,162%,0.33%,1.66%,0.42%,31.05%,32.99%,57.1,1.14%,-1.07%,,,,,,,,,,,,
,,,,,,,,,,,,,,,,,,2018,7/16/2018,2.978,00,,,,,,,,,,0.86%,2.978,00,25.50,7.715,28,1.532,73,2.236,67,23%,159%,0.33%,1.66%,0.42%,29.82%,31.74%,57.1,1.14%,-0.13%,,,,,,,,,,,,
,,,,,,,,,,,,,,,,,,2018,7/17/2018,2.976,00,,,,,,,,,,0.86%,2.976,00,25.50,7.715,28,1.532,73,2.236,67,23%,159%,0.33%,1.66%,0.42%,29.91%,31.82%,57.1,1.14%,-0.20%,,,,,,,,,,,,
,,,,,,,,,,,,,,,,,,2018,7/18/2018,2.948,00,,,,,,,,,,0.86%,2.948,00,25.50,7.715,28,1.532,73,2.236,67,23%,162%,0.33%,1.66%,0.42%,31.14%,33.08%,57.1,1.14%,-1.14%,,,,,,,,,,,,
,,,,,,,,,,,,,,,,,,2018,7/19/2018,2.968,00,,,,,,,,,,0.86%,2.968,00,25.50,7.715,28,1.532,73,2.236,67,23%,160%,0.33%,1.66%,0.42%,30.26%,32.18%,57.1,1.14%,-0.47%,,,,,,,,,,,,
,,,,,,,,,,,,,,,,,,2018,7/20/2018,2.992,00,,,,,,,,,,0.85%,2.992,00,25.50,7.715,28,1.532,73,2.236,67,24%,158%,0.33%,1.66%,0.42%,29.21%,31.12%,57.1,1.14%,0.00%,,,,,,,,,,,,
,,,,,,,,,,,,,,,,,,2018,7/23/2018,2.958,00,,,,,,,,,,0.86%,2.958,00,25.50,7.715,28,1.532,73,2.236,67,23%,161%,0.33%,1.66%,0.42%,30.70%,32.63%,57.1,1.14%,-1.14%,,,,,,,,,,,,
,,,,,,,,,,,,,,,,,,2018,7/24/2018,2.980,00,,,,,,,,,,0.86%,2.980,00,25.50,7.715,28,1.532,73,2.236,67,23%,159%,0.33%,1.66%,0.42%,29.73%,31.65%,57.1,1.14%,-0.40%,,,,,,,,,,,,
,,,,,,,,,,,,,,,,,,2018,7/25/2018,3.000,00,,,,,,,,,,0.85%,3.000,00,25.50,7.715,28,1.532,73,2.236,67,24%,157%,0.33%,1.66%,0.42%,28.87%,30.77%,57.1,1.14%,0.00%,,,,,,,,,,,,
,,,,,,,,,,,,,,,,,,2018,7/26/2018,3.000,00,,,,,,,,,,0.85%,3.000,00,25.50,7.715,28,1.532,73,2.236,67,24%,157%,0.33%,1.66%,0.42%,28.87%,30.77%,57.1,1.14%,0.00%,,,,,,,,,,,,
,,,,,,,,,,,,,,,,,,2018,7/27/2018,2.970,00,,,,,,,,,,0.86%,2.970,00,25.50,7.715,28,1.532,73,2.236,67,23%,160%,0.33%,1.66%,0.42%,30.17%,32.09%,57.1,1.14%,-1.00%,,,,,,,,,,,,
,,,,,,,,,,,,,,,,,,2018,7/30/2018,2.960,00,,,,,,,,,,0.86%,2.960,00,25.50,7.715,28,1.532,73,2.236,67,23%,161%,0.33%,1.66%,0.42%,30.61%,32.54%,57.1,1.14%,-1.33%,,,,,,,,,,,,
,,,,,,,,,,,,,,,,,,2018,7/31/2018,2.986,00,,,,,,,,,,0.85%,2.986,00,25.50,7.715,28,1.532,73,2.236,67,24%,158%,0.33%,1.66%,0.42%,29.47%,31.38%,57.1,1.14%,-0.47%,,,,,,,,,,,,
,,,,,,,,,,,,,,,,,,2018,8/1/2018,3.004,00,,,,,,,,,,0.85%,3.004,00,25.50,7.715,28,1.532,73,2.236,67,24%,157%,0.33%,1.66%,0.42%,28.70%,30.60%,57.1,1.14%,0.00%,,,,,,,,,,,,
,,,,,,,,,,,,,,,,,,2018,8/2/2018,3.028,00,,,,,,,,,,0.84%,3.028,00,25.50,7.715,28,1.532,73,2.236,67,24%,155%,0.33%,1.66%,0.41%,27.68%,29.56%,57.1,1.14%,0.00%,,,,,,,,,,,,
,,,,,,,,,,,,,,,,,,2018,8/3/2018,3.036,00,,,,,,,,,,0.84%,3.036,00,25.50,7.715,28,1.532,73,2.236,67,24%,154%,0.33%,1.66%,0.41%,27.34%,29.22%,57.1,1.14%,0.00%,,,,,,,,,,,,
,,,,,,,,,,,,,,,,,,2018,8/6/2018,3.038,00,,,,,,,,,,0.84%,3.038,00,25.50,7.715,28,1.532,73,2.236,67,24%,154%,0.33%,1.66%,0.41%,27.25%,29.13%,57.1,1.14%,0.00%,,,,,,,,,,,,
,,,,,,,,,,,,,,,,,,2018,8/7/2018,3.044,00,,,,,,,,,,0.84%,3.044,00,25.50,7.715,28,1.532,73,2.236,67,24%,153%,0.33%,1.66%,0.41%,27.00%,28.88%,57.1,1.14%,0.00%,,,,,,,,,,,,
,,,,,,,,,,,,,,,,,,2018,8/8/2018,3.068,00,,,,,,,,,,0.83%,3.068,00,25.50,7.715,28,1.532,73,2.236,67,25%,151%,0.33%,1.66%,0.41%,26.01%,27.87%,57.1,1.14%,0.00%,,,,,,,,,,,,
,,,,,,,,,,,,,,,,,,2018,8/9/2018,3.092,00,,,,,,,,,,0.82%,3.092,00,25.50,7.715,28,1.532,73,2.236,67,25%,150%,0.33%,1.66%,0.40%,25.03%,26.88%,57.1,1.14%,0.00%,,,,,,,,,,,,
,,,,,,,,,,,,,,,,,,2018,8/10/2018,3.124,00,,,,,,,,,,0.82%,3.124,00,25.50,7.715,28,1.532,73,2.236,67,26%,147%,0.33%,1.66%,0.40%,23.75%,25.58%,57.1,1.14%,0.00%,,,,,,,,,,,,
,,,,,,,,,,,,,,,,,,2018,8/13/2018,3.168,00,,,,,,,,,,0.80%,3.168,00,25.50,7.715,28,1.532,73,2.236,67,26%,144%,0.33%,1.66%,0.39%,22.03%,23.84%,57.1,1.14%,0.00%,,,,,,,,,,,,
,,,,,,,,,,,,,,,,,,2018,8/14/2018,3.154,00,,,,,,,,,,0.81%,3.154,00,25.50,7.715,28,1.532,73,2.236,67,26%,145%,0.33%,1.66%,0.40%,22.57%,24.38%,57.1,1.14%,-0.44%,,,,,,,,,,,,
,,,,,,,,,,,,,,,,,,2018,8/15/2018,3.126,00,,,,,,,,,,0.82%,3.126,00,25.50,7.715,28,1.532,73,2.236,67,26%,147%,0.33%,1.66%,0.40%,23.67%,25.50%,57.1,1.14%,-1.33%,,,,,,,,,,,,
,,,,,,,,,,,,,,,,,,2018,8/16/2018,3.150,00,,,,,,,,,,0.81%,3.150,00,25.50,7.715,28,1.532,73,2.236,67,26%,145%,0.33%,1.66%,0.40%,22.73%,24.54%,57.1,1.14%,-0.57%,,,,,,,,,,,,
,,,,,,,,,,,,,,,,,,2018,8/17/2018,3.126,00,,,,,,,,,,0.82%,3.126,00,25.50,7.715,28,1.532,73,2.236,67,26%,147%,0.33%,1.66%,0.40%,23.67%,25.50%,57.1,1.14%,-1.33%,,,,,,,,,,,,
,,,,,,,,,,,,,,,,,,2018,8/20/2018,3.144,00,,,,,,,,,,0.81%,3.144,00,25.50,7.715,28,1.532,73,2.236,67,26%,145%,0.33%,1.66%,0.40%,22.96%,24.78%,57.1,1.14%,-0.76%,,,,,,,,,,,,
,,,,,,,,,,,,,,,,,,2018,8/21/2018,3.112,00,,,,,,,,,,0.82%,3.112,00,25.50,7.715,28,1.532,73,2.236,67,26%,148%,0.33%,1.66%,0.40%,24.23%,26.06%,57.1,1.14%,-1.77%,,,,,,,,,,,,
,,,,,,,,,,,,,,,,,,2018,8/22/2018,3.118,00,,,,,,,,,,0.82%,3.118,00,25.50,7.715,28,1.532,73,2.236,67,26%,147%,0.33%,1.66%,0.40%,23.99%,25.82%,57.1,1.14%,-1.58%,,,,,,,,,,,,
,,,,,,,,,,,,,,,,,,2018,8/23/2018,3.118,00,,,,,,,,,,0.82%,3.118,00,25.50,7.715,28,1.532,73,2.236,67,26%,147%,0.33%,1.66%,0.40%,23.99%,25.82%,57.1,1.14%,-1.58%,,,,,,,,,,,,
,,,,,,,,,,,,,,,,,,2018,8/24/2018,3.104,00,,,,,,,,,,0.82%,3.104,00,25.50,7.715,28,1.532,73,2.236,67,25%,149%,0.33%,1.66%,0.40%,24.55%,26.39%,57.1,1.14%,-2.02%,,,,,,,,,,,,
,,,,,,,,,,,,,,,,,,2018,8/28/2018,3.116,00,,,,,,,,,,0.82%,3.116,00,25.50,7.715,28,1.532,73,2.236,67,26%,148%,0.33%,1.66%,0.40%,24.07%,25.90%,57.1,1.14%,-1.64%,,,,,,,,,,,,
,,,,,,,,,,,,,,,,,,2018,8/29/2018,3.128,00,,,,,,,,,,0.82%,3.128,00,25.50,7.715,28,1.532,73,2.236,67,26%,147%,0.33%,1.66%,0.40%,23.59%,25.42%,57.1,1.14%,-1.26%,,,,,,,,,,,,
,,,,,,,,,,,,,,,,,,2018,8/30/2018,3.126,00,,,,,,,,,,0.82%,3.126,00,25.50,7.715,28,1.532,73,2.236,67,26%,147%,0.33%,1.66%,0.40%,23.67%,25.50%,57.1,1.14%,-1.33%,,,,,,,,,,,,
,,,,,,,,,,,,,,,,,,2018,8/31/2018,3.120,00,,,,,,,,,,0.82%,3.120,00,25.50,7.715,28,1.532,73,2.236,67,26%,147%,0.33%,1.66%,0.40%,23.91%,25.74%,57.1,1.14%,-1.52%,,,,,,,,,,,,
,,,,,,,,,,,,,,,,,,2018,9/3/2018,2.452,00,,,,,,,,,,1.04%,2.452,00,25.50,7.715,28,1.532,73,2.236,67,15%,215%,0.33%,1.66%,0.51%,57.67%,60.00%,57.1,1.14%,-22.60%,,,,,,,,,,,,
,,,,,,,,,,,,,,,,,,2018,9/4/2018,2.524,00,,,,,,,,,,1.01%,2.524,00,25.50,7.715,28,1.532,73,2.236,67,16%,206%,0.33%,1.66%,0.50%,53.17%,55.43%,57.1,1.14%,-20.33%,,,,,,,,,,,,
,,,,,,,,,,,,,,,,,,2018,9/5/2018,2.372,00,,,,,,,,,,1.08%,2.372,00,25.50,7.715,28,1.532,73,2.236,67,14%,225%,0.33%,1.66%,0.53%,62.98%,65.39%,57.1,1.14%,-25.13%,,,,,,,,,,,,
,,,,,,,,,,,,,,,,,,2018,9/6/2018,2.380,00,,,,,,,,,,1.07%,2.380,00,25.50,7.715,28,1.532,73,2.236,67,14%,224%,0.33%,1.66%,0.53%,62.44%,64.84%,57.1,1.14%,-24.87%,,,,,,,,,,,,
,,,,,,,,,,,,,,,,,,2018,9/7/2018,2.410,00,,,,,,,,,,1.06%,2.410,00,25.50,7.715,28,1.532,73,2.236,67,14%,220%,0.33%,1.66%,0.52%,60.41%,62.78%,57.1,1.14%,-23.93%,,,,,,,,,,,,
,,,,,,,,,,,,,,,,,,2018,9/10/2018,2.444,00,,,,,,,,,,1.04%,2.444,00,25.50,7.715,28,1.532,73,2.236,67,15%,216%,0.33%,1.66%,0.51%,58.18%,60.52%,57.1,1.14%,-22.85%,,,,,,,,,,,,
,,,,,,,,,,,,,,,,,,2018,9/11/2018,2.478,00,,,,,,,,,,1.03%,2.478,00,25.50,7.715,28,1.532,73,2.236,67,15%,211%,0.33%,1.66%,0.50%,56.01%,58.32%,57.1,1.14%,-21.78%,,,,,,,,,,,,
,,,,,,,,,,,,,,,,,,2018,9/12/2018,2.510,00,,,,,,,,,,1.02%,2.510,00,25.50,7.715,28,1.532,73,2.236,67,16%,207%,0.33%,1.66%,0.50%,54.02%,56.30%,57.1,1.14%,-20.77%,,,,,,,,,,,,
,,,,,,,,,,,,,,,,,,2018,9/13/2018,2.504,00,,,,,,,,,,1.02%,2.504,00,25.50,7.715,28,1.532,73,2.236,67,16%,208%,0.33%,1.66%,0.50%,54.39%,56.67%,57.1,1.14%,-20.96%,,,,,,,,,,,,
,,,,,,,,,,,,,,,,,,2018,9/14/2018,2.492,00,,,,,,,,,,1.02%,2.492,00,25.50,7.715,28,1.532,73,2.236,67,16%,210%,0.33%,1.66%,0.50%,55.14%,57.43%,57.1,1.14%,-21.34%,,,,,,,,,,,,
,,,,,,,,,,,,,,,,,,2018,9/17/2018,2.500,00,,,,,,,,,,1.02%,2.500,00,25.50,7.715,28,1.532,73,2.236,67,16%,209%,0.33%,1.66%,0.50%,54.64%,56.92%,57.1,1.14%,-21.09%,,,,,,,,,,,,
,,,,,,,,,,,,,,,,,,2018,9/18/2018,2.468,00,,,,,,,,,,1.03%,2.468,00,25.50,7.715,28,1.532,73,2.236,67,15%,213%,0.33%,1.66%,0.51%,56.65%,58.96%,57.1,1.14%,-22.10%,,,,,,,,,,,,
,,,,,,,,,,,,,,,,,,2018,9/19/2018,2.362,00,,,,,,,,,,1.08%,2.362,00,25.50,7.715,28,1.532,73,2.236,67,13%,227%,0.33%,1.66%,0.53%,63.67%,66.09%,57.1,1.14%,-25.44%,,,,,,,,,,,,
,,,,,,,,,,,,,,,,,,2018,9/20/2018,2.348,00,,,,,,,,,,1.09%,2.348,00,25.50,7.715,28,1.532,73,2.236,67,13%,229%,0.33%,1.66%,0.53%,64.65%,67.08%,57.1,1.14%,-25.88%,,,,,,,,,,,,
,,,,,,,,,,,,,,,,,,2018,9/21/2018,2.322,00,,,,,,,,,,1.10%,2.322,00,25.50,7.715,28,1.532,73,2.236,67,13%,232%,0.33%,1.66%,0.54%,66.49%,68.95%,57.1,1.14%,-26.70%,,,,,,,,,,,,
,,,,,,,,,,,,,,,,,,2018,9/24/2018,2.300,00,,,,,,,,,,1.11%,2.300,00,25.50,7.715,28,1.532,73,2.236,67,12%,235%,0.33%,1.66%,0.54%,68.09%,70.57%,57.1,1.14%,-27.40%,,,,,,,,,,,,
,,,,,,,,,,,,,,,,,,2018,9/25/2018,2.258,00,,,,,,,,,,1.13%,2.258,00,25.50,7.715,28,1.532,73,2.236,67,12%,242%,0.33%,1.66%,0.55%,71.21%,73.74%,57.1,1.14%,-28.72%,,,,,,,,,,,,
,,,,,,,,,,,,,,,,,,2018,9/26/2018,2.232,00,,,,,,,,,,1.14%,2.232,00,25.50,7.715,28,1.532,73,2.236,67,11%,246%,0.33%,1.66%,0.56%,73.21%,75.77%,57.1,1.14%,-29.55%,,,,,,,,,,,,
,,,,,,,,,,,,,,,,,,2018,9/27/2018,2.130,00,,,,,,,,,,1.20%,2.130,00,25.50,7.715,28,1.532,73,2.236,67,10%,262%,0.33%,1.66%,0.59%,81.50%,84.18%,57.1,1.14%,-32.77%,,,,,,,,,,,,
,,,,,,,,,,,,,,,,,,2018,9/28/2018,2.178,00,,,,,,,,,,1.17%,2.178,00,25.50,7.715,28,1.532,73,2.236,67,10%,254%,0.33%,1.66%,0.57%,77.50%,80.12%,57.1,1.14%,-31.25%,,,,,,,,,,,,
,,,,,,,,,,,,,,,,,,2018,10/1/2018,2.230,00,,,,,,,,,,1.14%,2.230,00,25.50,7.715,28,1.532,73,2.236,67,11%,246%,0.33%,1.66%,0.56%,73.36%,75.92%,57.1,1.14%,-29.61%,,,,,,,,,,,,
,,,,,,,,,,,,,,,,,,2018,10/2/2018,2.226,00,,,,,,,,,,1.15%,2.226,00,25.50,7.715,28,1.532,73,2.236,67,11%,247%,0.33%,1.66%,0.56%,73.67%,76.24%,57.1,1.14%,-29.73%,,,,,,,,,,,,
,,,,,,,,,,,,,,,,,,2018,10/3/2018,2.248,00,,,,,,,,,,1.13%,2.248,00,25.50,7.715,28,1.532,73,2.236,67,12%,243%,0.33%,1.66%,0.56%,71.98%,74.52%,57.1,1.14%,-29.04%,,,,,,,,,,,,
,,,,,,,,,,,,,,,,,,2018,10/4/2018,2.236,00,,,,,,,,,,1.14%,2.236,00,25.50,7.715,28,1.532,73,2.236,67,11%,245%,0.33%,1.66%,0.56%,72.90%,75.45%,57.1,1.14%,-29.42%,,,,,,,,,,,,
,,,,,,,,,,,,,,,,,,2018,10/5/2018,2.208,00,,,,,,,,,,1.15%,2.208,00,25.50,7.715,28,1.532,73,2.236,67,11%,249%,0.33%,1.66%,0.57%,75.09%,77.68%,57.1,1.14%,-30.30%,,,,,,,,,,,,
,,,,,,,,,,,,,,,,,,2018,10/8/2018,2.208,00,,,,,,,,,,1.15%,2.208,00,25.50,7.715,28,1.532,73,2.236,67,11%,249%,0.33%,1.66%,0.57%,75.09%,77.68%,57.1,1.14%,-30.30%,,,,,,,,,,,,
,,,,,,,,,,,,,,,,,,2018,10/9/2018,2.158,00,,,,,,,,,,1.18%,2.158,00,25.50,7.715,28,1.532,73,2.236,67,10%,258%,0.33%,1.66%,0.58%,79.15%,81.79%,57.1,1.14%,-31.88%,,,,,,,,,,,,
,,,,,,,,,,,,,,,,,,2018,10/10/2018,2.148,00,,,,,,,,,,1.19%,2.148,00,25.50,7.715,28,1.532,73,2.236,67,10%,259%,0.33%,1.66%,0.58%,79.98%,82.64%,57.1,1.14%,-32.20%,,,,,,,,,,,,
,,,,,,,,,,,,,,,,,,2018,10/11/2018,2.050,00,,,,,,,,,,1.24%,2.050,00,25.50,7.715,28,1.532,73,2.236,67,8%,276%,0.33%,1.66%,0.61%,88.59%,91.37%,57.1,1.14%,-35.29%,,,,,,,,,,,,
,,,,,,,,,,,,,,,,,,2018,10/12/2018,2.090,00,,,,,,,,,,1.22%,2.090,00,25.50,7.715,28,1.532,73,2.236,67,9%,269%,0.33%,1.66%,0.60%,84.98%,87.71%,57.1,1.14%,-34.03%,,,,,,,,,,,,
,,,,,,,,,,,,,,,,,,2018,10/15/2018,2.068,00,,,,,,,,,,1.23%,2.068,00,25.50,7.715,28,1.532,73,2.236,67,9%,273%,0.33%,1.66%,0.60%,86.94%,89.71%,57.1,1.14%,-34.72%,,,,,,,,,,,,
,,,,,,,,,,,,,,,,,,2018,10/16/2018,2.100,00,,,,,,,,,,1.21%,2.100,00,25.50,7.715,28,1.532,73,2.236,67,9%,267%,0.33%,1.66%,0.60%,84.10%,86.81%,57.1,1.14%,-33.71%,,,,,,,,,,,,
,,,,,,,,,,,,,,,,,,2018,10/17/2018,2.120,00,,,,,,,,,,1.20%,2.120,00,25.50,7.715,28,1.532,73,2.236,67,9%,264%,0.33%,1.66%,0.59%,82.36%,85.05%,57.1,1.14%,-33.08%,,,,,,,,,,,,
,,,,,,,,,,,,,,,,,,2018,10/18/2018,2.160,00,,,,,,,,,,1.18%,2.160,00,25.50,7.715,28,1.532,73,2.236,67,10%,257%,0.33%,1.66%,0.58%,78.98%,81.63%,57.1,1.14%,-31.82%,,,,,,,,,,,,
,,,,,,,,,,,,,,,,,,2018,10/19/2018,2.332,00,,,,,,,,,,1.09%,2.332,00,25.50,7.715,28,1.532,73,2.236,67,13%,231%,0.33%,1.66%,0.54%,65.78%,68.23%,57.1,1.14%,-26.39%,,,,,,,,,,,,
,,,,,,,,,,,,,,,,,,2018,10/22/2018,2.244,00,,,,,,,,,,1.14%,2.244,00,25.50,7.715,28,1.532,73,2.236,67,12%,244%,0.33%,1.66%,0.56%,72.28%,74.83%,57.1,1.14%,-29.17%,,,,,,,,,,,,
,,,,,,,,,,,,,,,,,,2018,10/23/2018,2.132,00,,,,,,,,,,1.20%,2.132,00,25.50,7.715,28,1.532,73,2.236,67,10%,262%,0.33%,1.66%,0.59%,81.33%,84.01%,57.1,1.14%,-32.70%,,,,,,,,,,,,
,,,,,,,,,,,,,,,,,,2018,10/24/2018,2.204,00,,,,,,,,,,1.16%,2.204,00,25.50,7.715,28,1.532,73,2.236,67,11%,250%,0.33%,1.66%,0.57%,75.41%,78.00%,57.1,1.14%,-30.43%,,,,,,,,,,,,
,,,,,,,,,,,,,,,,,,2018,10/25/2018,2.162,00,,,,,,,,,,1.18%,2.162,00,25.50,7.715,28,1.532,73,2.236,67,10%,257%,0.33%,1.66%,0.58%,78.82%,81.46%,57.1,1.14%,-31.76%,,,,,,,,,,,,
,,,,,,,,,,,,,,,,,,2018,10/26/2018,2.188,00,,,,,,,,,,1.17%,2.188,00,25.50,7.715,28,1.532,73,2.236,67,11%,253%,0.33%,1.66%,0.57%,76.69%,79.30%,57.1,1.14%,-30.93%,,,,,,,,,,,,
,,,,,,,,,,,,,,,,,,2018,10/29/2018,2.218,00,,,,,,,,,,1.15%,2.218,00,25.50,7.715,28,1.532,73,2.236,67,11%,248%,0.33%,1.66%,0.56%,74.30%,76.88%,57.1,1.14%,-29.99%,,,,,,,,,,,,
,,,,,,,,,,,,,,,,,,2018,10/30/2018,2.234,00,,,,,,,,,,1.14%,2.234,00,25.50,7.715,28,1.532,73,2.236,67,11%,245%,0.33%,1.66%,0.56%,73.05%,75.61%,57.1,1.14%,-29.48%,,,,,,,,,,,,
,,,,,,,,,,,,,,,,,,2018,10/31/2018,2.286,00,,,,,,,,,,1.12%,2.286,00,25.50,7.715,28,1.532,73,2.236,67,12%,238%,0.33%,1.66%,0.55%,69.12%,71.61%,57.1,1.14%,-27.84%,,,,,,,,,,,,
,,,,,,,,,,,,,,,,,,2018,11/1/2018,2.290,00,,,,,,,,,,1.11%,2.290,00,25.50,7.715,28,1.532,73,2.236,67,12%,237%,0.33%,1.66%,0.55%,68.82%,71.31%,57.1,1.14%,-27.71%,,,,,,,,,,,,
,,,,,,,,,,,,,,,,,,2018,11/2/2018,2.270,00,,,,,,,,,,1.12%,2.270,00,25.50,7.715,28,1.532,73,2.236,67,12%,240%,0.33%,1.66%,0.55%,70.31%,72.82%,57.1,1.14%,-28.35%,,,,,,,,,,,,
,,,,,,,,,,,,,,,,,,2018,11/5/2018,2.220,00,,,,,,,,,,1.15%,2.220,00,25.50,7.715,28,1.532,73,2.236,67,11%,248%,0.33%,1.66%,0.56%,74.14%,76.72%,57.1,1.14%,-29.92%,,,,,,,,,,,,
,,,,,,,,,,,,,,,,,,2018,11/6/2018,2.168,00,,,,,,,,,,1.18%,2.168,00,25.50,7.715,28,1.532,73,2.236,67,10%,256%,0.33%,1.66%,0.58%,78.32%,80.95%,57.1,1.14%,-31.57%,,,,,,,,,,,,
,,,,,,,,,,,,,,,,,,2018,11/7/2018,2.190,00,,,,,,,,,,1.16%,2.190,00,25.50,7.715,28,1.532,73,2.236,67,11%,252%,0.33%,1.66%,0.57%,76.53%,79.14%,57.1,1.14%,-30.87%,,,,,,,,,,,,
,,,,,,,,,,,,,,,,,,2018,11/8/2018,2.220,00,,,,,,,,,,1.15%,2.220,00,25.50,7.715,28,1.532,73,2.236,67,11%,248%,0.33%,1.66%,0.56%,74.14%,76.72%,57.1,1.14%,-29.92%,,,,,,,,,,,,
,,,,,,,,,,,,,,,,,,2018,11/9/2018,2.174,00,,,,,,,,,,1.17%,2.174,00,25.50,7.715,28,1.532,73,2.236,67,10%,255%,0.33%,1.66%,0.57%,77.83%,80.46%,57.1,1.14%,-31.38%,,,,,,,,,,,,
,,,,,,,,,,,,,,,,,,2018,11/12/2018,2.136,00,,,,,,,,,,1.19%,2.136,00,25.50,7.715,28,1.532,73,2.236,67,10%,261%,0.33%,1.66%,0.59%,80.99%,83.67%,57.1,1.14%,-32.58%,,,,,,,,,,,,
,,,,,,,,,,,,,,,,,,2018,11/13/2018,2.156,00,,,,,,,,,,1.18%,2.156,00,25.50,7.715,28,1.532,73,2.236,67,10%,258%,0.33%,1.66%,0.58%,79.31%,81.96%,57.1,1.14%,-31.94%,,,,,,,,,,,,
,,,,,,,,,,,,,,,,,,2018,11/14/2018,2.174,00,,,,,,,,,,1.17%,2.174,00,25.50,7.715,28,1.532,73,2.236,67,10%,255%,0.33%,1.66%,0.57%,77.83%,80.46%,57.1,1.14%,-31.38%,,,,,,,,,,,,
,,,,,,,,,,,,,,,,,,2018,11/15/2018,2.112,00,,,,,,,,,,1.21%,2.112,00,25.50,7.715,28,1.532,73,2.236,67,9%,265%,0.33%,1.66%,0.59%,83.05%,85.75%,57.1,1.14%,-33.33%,,,,,,,,,,,,
,,,,,,,,,,,,,,,,,,2018,11/16/2018,2.084,00,,,,,,,,,,1.22%,2.084,00,25.50,7.715,28,1.532,73,2.236,67,9%,270%,0.33%,1.66%,0.60%,85.51%,88.25%,57.1,1.14%,-34.22%,,,,,,,,,,,,
,,,,,,,,,,,,,,,,,,2018,11/19/2018,2.052,00,,,,,,,,,,1.24%,2.052,00,25.50,7.715,28,1.532,73,2.236,67,8%,276%,0.33%,1.66%,0.61%,88.40%,91.18%,57.1,1.14%,-35.23%,,,,,,,,,,,,
,,,,,,,,,,,,,,,,,,2018,11/20/2018,2.014,00,,,,,,,,,,1.27%,2.014,00,25.50,7.715,28,1.532,73,2.236,67,8%,283%,0.33%,1.66%,0.62%,91.96%,94.79%,57.1,1.14%,-36.43%,,,,,,,,,,,,
,,,,,,,,,,,,,,,,,,2018,11/21/2018,2.052,00,,,,,,,,,,1.24%,2.052,00,25.50,7.715,28,1.532,73,2.236,67,8%,276%,0.33%,1.66%,0.61%,88.40%,91.18%,57.1,1.14%,-35.23%,,,,,,,,,,,,
,,,,,,,,,,,,,,,,,,2018,11/22/2018,2.076,00,,,,,,,,,,1.23%,2.076,00,25.50,7.715,28,1.532,73,2.236,67,9%,272%,0.33%,1.66%,0.60%,86.22%,88.97%,57.1,1.14%,-34.47%,,,,,,,,,,,,
,,,,,,,,,,,,,,,,,,2018,11/23/2018,2.052,00,,,,,,,,,,1.24%,2.052,00,25.50,7.715,28,1.532,73,2.236,67,8%,276%,0.33%,1.66%,0.61%,88.40%,91.18%,57.1,1.14%,-35.23%,,,,,,,,,,,,
,,,,,,,,,,,,,,,,,,2018,11/26/2018,2.080,00,,,,,,,,,,1.23%,2.080,00,25.50,7.715,28,1.532,73,2.236,67,9%,271%,0.33%,1.66%,0.60%,85.87%,88.61%,57.1,1.14%,-34.34%,,,,,,,,,,,,
,,,,,,,,,,,,,,,,,,2018,11/27/2018,2.080,00,,,,,,,,,,1.23%,2.080,00,25.50,7.715,28,1.532,73,2.236,67,9%,271%,0.33%,1.66%,0.60%,85.87%,88.61%,57.1,1.14%,-34.34%,,,,,,,,,,,,
,,,,,,,,,,,,,,,,,,2018,11/28/2018,2.134,00,,,,,,,,,,1.19%,2.134,00,25.50,7.715,28,1.532,73,2.236,67,10%,262%,0.33%,1.66%,0.59%,81.16%,83.84%,57.1,1.14%,-32.64%,,,,,,,,,,,,
,,,,,,,,,,,,,,,,,,2018,11/29/2018,2.174,00,,,,,,,,,,1.17%,2.174,00,25.50,7.715,28,1.532,73,2.236,67,10%,255%,0.33%,1.66%,0.57%,77.83%,80.46%,57.1,1.14%,-31.38%,,,,,,,,,,,,
,,,,,,,,,,,,,,,,,,2018,11/30/2018,2.160,00,,,,,,,,,,1.18%,2.160,00,25.50,7.715,28,1.532,73,2.236,67,10%,257%,0.33%,1.66%,0.58%,78.98%,81.63%,57.1,1.14%,-31.82%,,,,,,,,,,,,
,,,,,,,,,,,,,,,,,,2018,12/3/2018,2.160,00,,,,,,,,,,1.18%,2.160,00,25.50,7.715,28,1.532,73,2.236,67,10%,257%,0.33%,1.66%,0.58%,78.98%,81.63%,57.1,1.14%,-31.82%,,,,,,,,,,,,
,,,,,,,,,,,,,,,,,,2018,12/4/2018,2.214,00,,,,,,,,,,1.15%,2.214,00,25.50,7.715,28,1.532,73,2.236,67,11%,248%,0.33%,1.66%,0.56%,74.62%,77.20%,57.1,1.14%,-30.11%,,,,,,,,,,,,
,,,,,,,,,,,,,,,,,,2018,12/5/2018,2.158,00,,,,,,,,,,1.18%,2.158,00,25.50,7.715,28,1.532,73,2.236,67,10%,258%,0.33%,1.66%,0.58%,79.15%,81.79%,57.1,1.14%,-31.88%,,,,,,,,,,,,
,,,,,,,,,,,,,,,,,,2018,12/6/2018,2.132,00,,,,,,,,,,1.20%,2.132,00,25.50,7.715,28,1.532,73,2.236,67,10%,262%,0.33%,1.66%,0.59%,81.33%,84.01%,57.1,1.14%,-32.70%,,,,,,,,,,,,
,,,,,,,,,,,,,,,,,,2018,12/7/2018,2.158,00,,,,,,,,,,1.18%,2.158,00,25.50,7.715,28,1.532,73,2.236,67,10%,258%,0.33%,1.66%,0.58%,79.15%,81.79%,57.1,1.14%,-31.88%,,,,,,,,,,,,
,,,,,,,,,,,,,,,,,,2018,12/10/2018,2.148,00,,,,,,,,,,1.19%,2.148,00,25.50,7.715,28,1.532,73,2.236,67,10%,259%,0.33%,1.66%,0.58%,79.98%,82.64%,57.1,1.14%,-32.20%,,,,,,,,,,,,
,,,,,,,,,,,,,,,,,,2018,12/11/2018,2.130,00,,,,,,,,,,1.20%,2.130,00,25.50,7.715,28,1.532,73,2.236,67,10%,262%,0.33%,1.66%,0.59%,81.50%,84.18%,57.1,1.14%,-32.77%,,,,,,,,,,,,
,,,,,,,,,,,,,,,,,,2018,12/12/2018,2.178,00,,,,,,,,,,1.17%,2.178,00,25.50,7.715,28,1.532,73,2.236,67,10%,254%,0.33%,1.66%,0.57%,77.50%,80.12%,57.1,1.14%,-31.25%,,,,,,,,,,,,
,,,,,,,,,,,,,,,,,,2018,12/13/2018,2.146,00,,,,,,,,,,1.19%,2.146,00,25.50,7.715,28,1.532,73,2.236,67,10%,260%,0.33%,1.66%,0.58%,80.15%,82.81%,57.1,1.14%,-32.26%,,,,,,,,,,,,
,,,,,,,,,,,,,,,,,,2018,12/14/2018,2.142,00,,,,,,,,,,1.19%,2.142,00,25.50,7.715,28,1.532,73,2.236,67,10%,260%,0.33%,1.66%,0.58%,80.49%,83.15%,57.1,1.14%,-32.39%,,,,,,,,,,,,
,,,,,,,,,,,,,,,,,,2018,12/17/2018,2.102,00,,,,,,,,,,1.21%,2.102,00,25.50,7.715,28,1.532,73,2.236,67,9%,267%,0.33%,1.66%,0.59%,83.92%,86.64%,57.1,1.14%,-33.65%,,,,,,,,,,,,
,,,,,,,,,,,,,,,,,,2018,12/18/2018,2.116,00,,,,,,,,,,1.21%,2.116,00,25.50,7.715,28,1.532,73,2.236,67,9%,265%,0.33%,1.66%,0.59%,82.70%,85.40%,57.1,1.14%,-33.21%,,,,,,,,,,,,
,,,,,,,,,,,,,,,,,,2018,12/19/2018,2.130,00,,,,,,,,,,1.20%,2.130,00,25.50,7.715,28,1.532,73,2.236,67,10%,262%,0.33%,1.66%,0.59%,81.50%,84.18%,57.1,1.14%,-32.77%,,,,,,,,,,,,
,,,,,,,,,,,,,,,,,,2018,12/20/2018,2.048,00,,,,,,,,,,1.25%,2.048,00,25.50,7.715,28,1.532,73,2.236,67,8%,277%,0.33%,1.66%,0.61%,88.77%,91.56%,57.1,1.14%,-35.35%,,,,,,,,,,,,
,,,,,,,,,,,,,,,,,,2018,12/21/2018,2.098,00,,,,,,,,,,1.22%,2.098,00,25.50,7.715,28,1.532,73,2.236,67,9%,268%,0.33%,1.66%,0.60%,84.27%,86.99%,57.1,1.14%,-33.78%,,,,,,,,,,,,
,,,,,,,,,,,,,,,,,,2018,12/24/2018,2.022,00,,,,,,,,,,1.26%,2.022,00,25.50,7.715,28,1.532,73,2.236,67,8%,282%,0.33%,1.66%,0.62%,91.20%,94.02%,57.1,1.14%,-36.17%,,,,,,,,,,,,
,,,,,,,,,,,,,,,,,,2018,12/27/2018,2.042,00,,,,,,,,,,1.25%,2.042,00,25.50,7.715,28,1.532,73,2.236,67,8%,278%,0.33%,1.66%,0.61%,89.32%,92.12%,57.1,1.14%,-35.54%,,,,,,,,,,,,
,,,,,,,,,,,,,,,,,,2018,12/28/2018,2.046,00,,,,,,,,,,1.25%,2.046,00,25.50,7.715,28,1.532,73,2.236,67,8%,277%,0.33%,1.66%,0.61%,88.95%,91.74%,57.1,1.14%,-35.42%,,,,,,,,,,,,
,,,,,,,,,,,,,,,,,,2018,12/31/2018,2.070,00,,,,,,,,,,1.23%,2.070,00,25.50,7.715,28,1.532,73,2.236,67,9%,273%,0.33%,1.66%,0.60%,86.76%,89.52%,57.1,1.14%,-34.66%,,,,,,,,,,,,
,,,,,,,,,,,,,,,,,,2019,1/2/2019,2.096,00,,,,,,,,,,1.51%,2.096,00,31.60,9.560,90,1.899,38,2.771,72,3%,356%,0.33%,1.66%,0.60%,84.45%,85.95%,31.6,1.14%,-33.84%,,,,,,,,,,,,
,,,,,,,,,,,,,,,,,,2019,1/3/2019,2.070,00,,,,,,,,,,1.53%,2.070,00,31.60,9.560,90,1.899,38,2.771,72,2%,362%,0.33%,1.66%,0.60%,86.76%,88.29%,31.6,1.14%,-34.66%,,,,,,,,,,,,
,,,,,,,,,,,,,,,,,,2019,1/4/2019,2.092,00,,,,,,,,,,1.51%,2.092,00,31.60,9.560,90,1.899,38,2.771,72,3%,357%,0.33%,1.66%,0.60%,84.80%,86.31%,31.6,1.14%,-33.96%,,,,,,,,,,,,
,,,,,,,,,,,,,,,,,,2019,1/7/2019,2.102,00,,,,,,,,,,1.50%,2.102,00,31.60,9.560,90,1.899,38,2.771,72,3%,355%,0.33%,1.66%,0.59%,83.92%,85.42%,31.6,1.14%,-33.65%,,,,,,,,,,,,
,,,,,,,,,,,,,,,,,,2019,1/8/2019,2.144,00,,,,,,,,,,1.47%,2.144,00,31.60,9.560,90,1.899,38,2.771,72,3%,346%,0.33%,1.66%,0.58%,80.32%,81.79%,31.6,1.14%,-32.32%,,,,,,,,,,,,
,,,,,,,,,,,,,,,,,,2019,1/9/2019,2.216,00,,,,,,,,,,1.43%,2.216,00,31.60,9.560,90,1.899,38,2.771,72,4%,331%,0.33%,1.66%,0.56%,74.46%,75.88%,31.6,1.14%,-30.05%,,,,,,,,,,,,
,,,,,,,,,,,,,,,,,,2019,1/10/2019,2.234,00,,,,,,,,,,1.41%,2.234,00,31.60,9.560,90,1.899,38,2.771,72,4%,328%,0.33%,1.66%,0.56%,73.05%,74.47%,31.6,1.14%,-29.48%,,,,,,,,,,,,
,,,,,,,,,,,,,,,,,,2019,1/11/2019,2.282,00,,,,,,,,,,1.38%,2.282,00,31.60,9.560,90,1.899,38,2.771,72,5%,319%,0.33%,1.66%,0.55%,69.41%,70.80%,31.6,1.14%,-27.97%,,,,,,,,,,,,
,,,,,,,,,,,,,,,,,,2019,1/14/2019,2.342,00,,,,,,,,,,1.35%,2.342,00,31.60,9.560,90,1.899,38,2.771,72,6%,308%,0.33%,1.66%,0.53%,65.07%,66.42%,31.6,1.14%,-26.07%,,,,,,,,,,,,
,,,,,,,,,,,,,,,,,,2019,1/15/2019,2.428,00,,,,,,,,,,1.30%,2.428,00,31.60,9.560,90,1.899,38,2.771,72,7%,294%,0.33%,1.66%,0.51%,59.23%,60.53%,31.6,1.14%,-23.36%,,,,,,,,,,,,
,,,,,,,,,,,,,,,,,,2019,1/16/2019,2.398,00,,,,,,,,,,1.32%,2.398,00,31.60,9.560,90,1.899,38,2.771,72,7%,299%,0.33%,1.66%,0.52%,61.22%,62.54%,31.6,1.14%,-24.31%,,,,,,,,,,,,
,,,,,,,,,,,,,,,,,,2019,1/17/2019,2.444,00,,,,,,,,,,1.29%,2.444,00,31.60,9.560,90,1.899,38,2.771,72,7%,291%,0.33%,1.66%,0.51%,58.18%,59.48%,31.6,1.14%,-22.85%,,,,,,,,,,,,
,,,,,,,,,,,,,,,,,,2019,1/18/2019,2.416,00,,,,,,,,,,1.31%,2.416,00,31.60,9.560,90,1.899,38,2.771,72,7%,296%,0.33%,1.66%,0.52%,60.02%,61.32%,31.6,1.14%,-23.74%,,,,,,,,,,,,
,,,,,,,,,,,,,,,,,,2019,1/21/2019,2.438,00,,,,,,,,,,1.30%,2.438,00,31.60,9.560,90,1.899,38,2.771,72,7%,292%,0.33%,1.66%,0.51%,58.57%,59.87%,31.6,1.14%,-23.04%,,,,,,,,,,,,
,,,,,,,,,,,,,,,,,,2019,1/22/2019,2.414,00,,,,,,,,,,1.31%,2.414,00,31.60,9.560,90,1.899,38,2.771,72,7%,296%,0.33%,1.66%,0.52%,60.15%,61.46%,31.6,1.14%,-23.80%,,,,,,,,,,,,
,,,,,,,,,,,,,,,,,,2019,1/23/2019,2.366,00,,,,,,,,,,1.34%,2.366,00,31.60,9.560,90,1.899,38,2.771,72,6%,304%,0.33%,1.66%,0.53%,63.40%,64.73%,31.6,1.14%,-25.32%,,,,,,,,,,,,
,,,,,,,,,,,,,,,,,,2019,1/24/2019,2.388,00,,,,,,,,,,1.32%,2.388,00,31.60,9.560,90,1.899,38,2.771,72,6%,300%,0.33%,1.66%,0.52%,61.89%,63.22%,31.6,1.14%,-24.62%,,,,,,,,,,,,
,,,,,,,,,,,,,,,,,,2019,1/25/2019,2.330,00,,,,,,,,,,1.36%,2.330,00,31.60,9.560,90,1.899,38,2.771,72,6%,310%,0.33%,1.66%,0.54%,65.92%,67.28%,31.6,1.14%,-26.45%,,,,,,,,,,,,
,,,,,,,,,,,,,,,,,,2019,1/28/2019,2.308,00,,,,,,,,,,1.37%,2.308,00,31.60,9.560,90,1.899,38,2.771,72,5%,314%,0.33%,1.66%,0.54%,67.50%,68.87%,31.6,1.14%,-27.15%,,,,,,,,,,,,
,,,,,,,,,,,,,,,,,,2019,1/29/2019,2.314,00,,,,,,,,,,1.37%,2.314,00,31.60,9.560,90,1.899,38,2.771,72,5%,313%,0.33%,1.66%,0.54%,67.07%,68.44%,31.6,1.14%,-26.96%,,,,,,,,,,,,
,,,,,,,,,,,,,,,,,,2019,1/30/2019,2.290,00,,,,,,,,,,1.38%,2.290,00,31.60,9.560,90,1.899,38,2.771,72,5%,318%,0.33%,1.66%,0.55%,68.82%,70.20%,31.6,1.14%,-27.71%,,,,,,,,,,,,
,,,,,,,,,,,,,,,,,,2019,1/31/2019,2.366,00,,,,,,,,,,1.34%,2.366,00,31.60,9.560,90,1.899,38,2.771,72,6%,304%,0.33%,1.66%,0.53%,63.40%,64.73%,31.6,1.14%,-25.32%,,,,,,,,,,,,
,,,,,,,,,,,,,,,,,,2019,2/1/2019,2.344,00,,,,,,,,,,1.35%,2.344,00,31.60,9.560,90,1.899,38,2.771,72,6%,308%,0.33%,1.66%,0.53%,64.93%,66.28%,31.6,1.14%,-26.01%,,,,,,,,,,,,
,,,,,,,,,,,,,,,,,,2019,2/4/2019,2.374,00,,,,,,,,,,1.33%,2.374,00,31.60,9.560,90,1.899,38,2.771,72,6%,303%,0.33%,1.66%,0.53%,62.85%,64.18%,31.6,1.14%,-25.06%,,,,,,,,,,,,
,,,,,,,,,,,,,,,,,,2019,2/5/2019,2.400,00,,,,,,,,,,1.32%,2.400,00,31.60,9.560,90,1.899,38,2.771,72,7%,298%,0.33%,1.66%,0.52%,61.08%,62.40%,31.6,1.14%,-24.24%,,,,,,,,,,,,
,,,,,,,,,,,,,,,,,,2019,2/6/2019,2.374,00,,,,,,,,,,1.33%,2.374,00,31.60,9.560,90,1.899,38,2.771,72,6%,303%,0.33%,1.66%,0.53%,62.85%,64.18%,31.6,1.14%,-25.06%,,,,,,,,,,,,
,,,,,,,,,,,,,,,,,,2019,2/7/2019,2.340,00,,,,,,,,,,1.35%,2.340,00,31.60,9.560,90,1.899,38,2.771,72,6%,309%,0.33%,1.66%,0.53%,65.21%,66.56%,31.6,1.14%,-26.14%,,,,,,,,,,,,
,,,,,,,,,,,,,,,,,,2019,2/8/2019,2.330,00,,,,,,,,,,1.36%,2.330,00,31.60,9.560,90,1.899,38,2.771,72,6%,310%,0.33%,1.66%,0.54%,65.92%,67.28%,31.6,1.14%,-26.45%,,,,,,,,,,,,
,,,,,,,,,,,,,,,,,,2019,2/11/2019,2.400,00,,,,,,,,,,1.32%,2.400,00,31.60,9.560,90,1.899,38,2.771,72,7%,298%,0.33%,1.66%,0.52%,61.08%,62.40%,31.6,1.14%,-24.24%,,,,,,,,,,,,
,,,,,,,,,,,,,,,,,,2019,2/12/2019,2.374,00,,,,,,,,,,1.33%,2.374,00,31.60,9.560,90,1.899,38,2.771,72,6%,303%,0.33%,1.66%,0.53%,62.85%,64.18%,31.6,1.14%,-25.06%,,,,,,,,,,,,
,,,,,,,,,,,,,,,,,,2019,2/13/2019,2.382,00,,,,,,,,,,1.33%,2.382,00,31.60,9.560,90,1.899,38,2.771,72,6%,301%,0.33%,1.66%,0.52%,62.30%,63.63%,31.6,1.14%,-24.81%,,,,,,,,,,,,
,,,,,,,,,,,,,,,,,,2019,2/14/2019,2.486,00,,,,,,,,,,1.27%,2.486,00,31.60,9.560,90,1.899,38,2.771,72,8%,285%,0.33%,1.66%,0.50%,55.51%,56.78%,31.6,1.14%,-21.53%,,,,,,,,,,,,
,,,,,,,,,,,,,,,,,,2019,2/15/2019,2.568,00,,,,,,,,,,1.23%,2.568,00,31.60,9.560,90,1.899,38,2.771,72,9%,272%,0.33%,1.66%,0.49%,50.55%,51.78%,31.6,1.14%,-18.94%,,,,,,,,,,,,
,,,,,,,,,,,,,,,,,,2019,2/18/2019,2.574,00,,,,,,,,,,1.23%,2.574,00,31.60,9.560,90,1.899,38,2.771,72,9%,271%,0.33%,1.66%,0.49%,50.19%,51.42%,31.6,1.14%,-18.75%,,,,,,,,,,,,
,,,,,,,,,,,,,,,,,,2019,2/19/2019,2.538,00,,,,,,,,,,1.25%,2.538,00,31.60,9.560,90,1.899,38,2.771,72,8%,277%,0.33%,1.66%,0.49%,52.32%,53.57%,31.6,1.14%,-19.89%,,,,,,,,,,,,
,,,,,,,,,,,,,,,,,,2019,2/20/2019,2.490,00,,,,,,,,,,1.27%,2.490,00,31.60,9.560,90,1.899,38,2.771,72,8%,284%,0.33%,1.66%,0.50%,55.26%,56.53%,31.6,1.14%,-21.40%,,,,,,,,,,,,
,,,,,,,,,,,,,,,,,,2019,2/21/2019,2.494,00,,,,,,,,,,1.27%,2.494,00,31.60,9.560,90,1.899,38,2.771,72,8%,283%,0.33%,1.66%,0.50%,55.01%,56.28%,31.6,1.14%,-21.28%,,,,,,,,,,,,
,,,,,,,,,,,,,,,,,,2019,2/22/2019,2.498,00,,,,,,,,,,1.27%,2.498,00,31.60,9.560,90,1.899,38,2.771,72,8%,283%,0.33%,1.66%,0.50%,54.76%,56.03%,31.6,1.14%,-21.15%,,,,,,,,,,,,
,,,,,,,,,,,,,,,,,,2019,2/25/2019,2.532,00,,,,,,,,,,1.25%,2.532,00,31.60,9.560,90,1.899,38,2.771,72,8%,278%,0.33%,1.66%,0.49%,52.69%,53.93%,31.6,1.14%,-20.08%,,,,,,,,,,,,
,,,,,,,,,,,,,,,,,,2019,2/26/2019,2.434,00,,,,,,,,,,1.30%,2.434,00,31.60,9.560,90,1.899,38,2.771,72,7%,293%,0.33%,1.66%,0.51%,58.83%,60.13%,31.6,1.14%,-23.17%,,,,,,,,,,,,
,,,,,,,,,,,,,,,,,,2019,2/27/2019,2.380,00,,,,,,,,,,1.33%,2.380,00,31.60,9.560,90,1.899,38,2.771,72,6%,302%,0.33%,1.66%,0.53%,62.44%,63.76%,31.6,1.14%,-24.87%,,,,,,,,,,,,
,,,,,,,,,,,,,,,,,,2019,2/28/2019,2.472,00,,,,,,,,,,1.28%,2.472,00,31.60,9.560,90,1.899,38,2.771,72,7%,287%,0.33%,1.66%,0.51%,56.39%,57.67%,31.6,1.14%,-21.97%,,,,,,,,,,,,
,,,,,,,,,,,,,,,,,,2019,3/1/2019,2.498,00,,,,,,,,,,1.27%,2.498,00,31.60,9.560,90,1.899,38,2.771,72,8%,283%,0.33%,1.66%,0.50%,54.76%,56.03%,31.6,1.14%,-21.15%,,,,,,,,,,,,
,,,,,,,,,,,,,,,,,,2019,3/4/2019,2.518,00,,,,,,,,,,1.25%,2.518,00,31.60,9.560,90,1.899,38,2.771,72,8%,280%,0.33%,1.66%,0.50%,53.53%,54.79%,31.6,1.14%,-20.52%,,,,,,,,,,,,
,,,,,,,,,,,,,,,,,,2019,3/5/2019,2.524,00,,,,,,,,,,1.25%,2.524,00,31.60,9.560,90,1.899,38,2.771,72,8%,279%,0.33%,1.66%,0.50%,53.17%,54.42%,31.6,1.14%,-20.33%,,,,,,,,,,,,
,,,,,,,,,,,,,,,,,,2019,3/6/2019,2.452,00,,,,,,,,,,1.29%,2.452,00,31.60,9.560,90,1.899,38,2.771,72,7%,290%,0.33%,1.66%,0.51%,57.67%,58.96%,31.6,1.14%,-22.60%,,,,,,,,,,,,
,,,,,,,,,,,,,,,,,,2019,3/7/2019,2.390,00,,,,,,,,,,1.32%,2.390,00,31.60,9.560,90,1.899,38,2.771,72,6%,300%,0.33%,1.66%,0.52%,61.76%,63.08%,31.6,1.14%,-24.56%,,,,,,,,,,,,
,,,,,,,,,,,,,,,,,,2019,3/8/2019,2.390,00,,,,,,,,,,1.32%,2.390,00,31.60,9.560,90,1.899,38,2.771,72,6%,300%,0.33%,1.66%,0.52%,61.76%,63.08%,31.6,1.14%,-24.56%,,,,,,,,,,,,
,,,,,,,,,,,,,,,,,,2019,3/11/2019,2.348,00,,,,,,,,,,1.35%,2.348,00,31.60,9.560,90,1.899,38,2.771,72,6%,307%,0.33%,1.66%,0.53%,64.65%,66.00%,31.6,1.14%,-25.88%,,,,,,,,,,,,
,,,,,,,,,,,,,,,,,,2019,3/12/2019,2.370,00,,,,,,,,,,1.33%,2.370,00,31.60,9.560,90,1.899,38,2.771,72,6%,303%,0.33%,1.66%,0.53%,63.12%,64.46%,31.6,1.14%,-25.19%,,,,,,,,,,,,
,,,,,,,,,,,,,,,,,,2019,3/13/2019,2.402,00,,,,,,,,,,1.32%,2.402,00,31.60,9.560,90,1.899,38,2.771,72,7%,298%,0.33%,1.66%,0.52%,60.95%,62.26%,31.6,1.14%,-24.18%,,,,,,,,,,,,
,,,,,,,,,,,,,,,,,,2019,3/14/2019,2.430,00,,,,,,,,,,1.30%,2.430,00,31.60,9.560,90,1.899,38,2.771,72,7%,293%,0.33%,1.66%,0.51%,59.09%,60.40%,31.6,1.14%,-23.30%,,,,,,,,,,,,
,,,,,,,,,,,,,,,,,,2019,3/15/2019,2.490,00,,,,,,,,,,1.27%,2.490,00,31.60,9.560,90,1.899,38,2.771,72,8%,284%,0.33%,1.66%,0.50%,55.26%,56.53%,31.6,1.14%,-21.40%,,,,,,,,,,,,
,,,,,,,,,,,,,,,,,,2019,3/18/2019,2.464,00,,,,,,,,,,1.28%,2.464,00,31.60,9.560,90,1.899,38,2.771,72,7%,288%,0.33%,1.66%,0.51%,56.90%,58.18%,31.6,1.14%,-22.22%,,,,,,,,,,,,
,,,,,,,,,,,,,,,,,,2019,3/19/2019,2.508,00,,,,,,,,,,1.26%,2.508,00,31.60,9.560,90,1.899,38,2.771,72,8%,281%,0.33%,1.66%,0.50%,54.15%,55.41%,31.6,1.14%,-20.83%,,,,,,,,,,,,
,,,,,,,,,,,,,,,,,,2019,3/20/2019,2.494,00,,,,,,,,,,1.27%,2.494,00,31.60,9.560,90,1.899,38,2.771,72,8%,283%,0.33%,1.66%,0.50%,55.01%,56.28%,31.6,1.14%,-21.28%,,,,,,,,,,,,
,,,,,,,,,,,,,,,,,,2019,3/21/2019,2.536,00,,,,,,,,,,1.25%,2.536,00,31.60,9.560,90,1.899,38,2.771,72,8%,277%,0.33%,1.66%,0.49%,52.44%,53.69%,31.6,1.14%,-19.95%,,,,,,,,,,,,
,,,,,,,,,,,,,,,,,,2019,3/22/2019,2.478,00,,,,,,,,,,1.28%,2.478,00,31.60,9.560,90,1.899,38,2.771,72,8%,286%,0.33%,1.66%,0.50%,56.01%,57.29%,31.6,1.14%,-21.78%,,,,,,,,,,,,
,,,,,,,,,,,,,,,,,,2019,3/25/2019,2.560,00,,,,,,,,,,1.23%,2.560,00,31.60,9.560,90,1.899,38,2.771,72,9%,273%,0.33%,1.66%,0.49%,51.02%,52.25%,31.6,1.14%,-19.19%,,,,,,,,,,,,
,,,,,,,,,,,,,,,,,,2019,3/26/2019,2.592,00,,,,,,,,,,1.22%,2.592,00,31.60,9.560,90,1.899,38,2.771,72,9%,269%,0.33%,1.66%,0.48%,49.15%,50.37%,31.6,1.14%,-18.18%,,,,,,,,,,,,
,,,,,,,,,,,,,,,,,,2019,3/27/2019,2.612,00,,,,,,,,,,1.21%,2.612,00,31.60,9.560,90,1.899,38,2.771,72,9%,266%,0.33%,1.66%,0.48%,48.01%,49.22%,31.6,1.14%,-17.55%,,,,,,,,,,,,
,,,,,,,,,,,,,,,,,,2019,3/28/2019,2.652,00,,,,,,,,,,1.19%,2.652,00,31.60,9.560,90,1.899,38,2.771,72,10%,261%,0.33%,1.66%,0.47%,45.78%,46.97%,31.6,1.14%,-16.29%,,,,,,,,,,,,
,,,,,,,,,,,,,,,,,,2019,3/29/2019,2.698,00,,,,,,,,,,1.17%,2.698,00,31.60,9.560,90,1.899,38,2.771,72,10%,254%,0.33%,1.66%,0.46%,43.29%,44.46%,31.6,1.14%,-14.84%,,,,,,,,,,,,
,,,,,,,,,,,,,,,,,,2019,4/1/2019,2.664,00,,,,,,,,,,1.19%,2.664,00,31.60,9.560,90,1.899,38,2.771,72,10%,259%,0.33%,1.66%,0.47%,45.12%,46.31%,31.6,1.14%,-15.91%,,,,,,,,,,,,
,,,,,,,,,,,,,,,,,,2019,4/2/2019,2.652,00,,,,,,,,,,1.19%,2.652,00,31.60,9.560,90,1.899,38,2.771,72,10%,261%,0.33%,1.66%,0.47%,45.78%,46.97%,31.6,1.14%,-16.29%,,,,,,,,,,,,
,,,,,,,,,,,,,,,,,,2019,4/3/2019,2.616,00,,,,,,,,,,1.21%,2.616,00,31.60,9.560,90,1.899,38,2.771,72,9%,265%,0.33%,1.66%,0.48%,47.78%,48.99%,31.6,1.14%,-17.42%,,,,,,,,,,,,
,,,,,,,,,,,,,,,,,,2019,4/4/2019,2.592,00,,,,,,,,,,1.22%,2.592,00,31.60,9.560,90,1.899,38,2.771,72,9%,269%,0.33%,1.66%,0.48%,49.15%,50.37%,31.6,1.14%,-18.18%,,,,,,,,,,,,
,,,,,,,,,,,,,,,,,,2019,4/5/2019,2.622,00,,,,,,,,,,1.21%,2.622,00,31.60,9.560,90,1.899,38,2.771,72,9%,265%,0.33%,1.66%,0.48%,47.44%,48.65%,31.6,1.14%,-17.23%,,,,,,,,,,,,
,,,,,,,,,,,,,,,,,,2019,4/8/2019,2.646,00,,,,,,,,,,1.19%,2.646,00,31.60,9.560,90,1.899,38,2.771,72,10%,261%,0.33%,1.66%,0.47%,46.11%,47.30%,31.6,1.14%,-16.48%,,,,,,,,,,,,
,,,,,,,,,,,,,,,,,,2019,4/9/2019,2.642,00,,,,,,,,,,1.20%,2.642,00,31.60,9.560,90,1.899,38,2.771,72,10%,262%,0.33%,1.66%,0.47%,46.33%,47.52%,31.6,1.14%,-16.60%,,,,,,,,,,,,
,,,,,,,,,,,,,,,,,,2019,4/10/2019,2.660,00,,,,,,,,,,1.19%,2.660,00,31.60,9.560,90,1.899,38,2.771,72,10%,259%,0.33%,1.66%,0.47%,45.34%,46.53%,31.6,1.14%,-16.04%,,,,,,,,,,,,
,,,,,,,,,,,,,,,,,,2019,4/11/2019,2.652,00,,,,,,,,,,1.19%,2.652,00,31.60,9.560,90,1.899,38,2.771,72,10%,261%,0.33%,1.66%,0.47%,45.78%,46.97%,31.6,1.14%,-16.29%,,,,,,,,,,,,
,,,,,,,,,,,,,,,,,,2019,4/12/2019,2.726,00,,,,,,,,,,1.16%,2.726,00,31.60,9.560,90,1.899,38,2.771,72,11%,251%,0.33%,1.66%,0.46%,41.82%,42.98%,31.6,1.14%,-13.95%,,,,,,,,,,,,
,,,,,,,,,,,,,,,,,,2019,4/15/2019,2.728,00,,,,,,,,,,1.16%,2.728,00,31.60,9.560,90,1.899,38,2.771,72,11%,250%,0.33%,1.66%,0.46%,41.72%,42.87%,31.6,1.14%,-13.89%,,,,,,,,,,,,
,,,,,,,,,,,,,,,,,,2019,4/16/2019,2.688,00,,,,,,,,,,1.18%,2.688,00,31.60,9.560,90,1.899,38,2.771,72,10%,256%,0.33%,1.66%,0.47%,43.82%,45.00%,31.6,1.14%,-15.15%,,,,,,,,,,,,
,,,,,,,,,,,,,,,,,,2019,4/17/2019,2.632,00,,,,,,,,,,1.20%,2.632,00,31.60,9.560,90,1.899,38,2.771,72,10%,263%,0.33%,1.66%,0.47%,46.88%,48.09%,31.6,1.14%,-16.92%,,,,,,,,,,,,
,,,,,,,,,,,,,,,,,,2019,4/18/2019,2.596,00,,,,,,,,,,1.22%,2.596,00,31.60,9.560,90,1.899,38,2.771,72,9%,268%,0.33%,1.66%,0.48%,48.92%,50.14%,31.6,1.14%,-18.06%,,,,,,,,,,,,
,,,,,,,,,,,,,,,,,,2019,4/23/2019,2.630,00,,,,,,,,,,1.20%,2.630,00,31.60,9.560,90,1.899,38,2.771,72,10%,264%,0.33%,1.66%,0.48%,47.00%,48.20%,31.6,1.14%,-16.98%,,,,,,,,,,,,
,,,,,,,,,,,,,,,,,,2019,4/24/2019,2.650,00,,,,,,,,,,1.19%,2.650,00,31.60,9.560,90,1.899,38,2.771,72,10%,261%,0.33%,1.66%,0.47%,45.89%,47.08%,31.6,1.14%,-16.35%,,,,,,,,,,,,
,,,,,,,,,,,,,,,,,,2019,4/25/2019,2.608,00,,,,,,,,,,1.21%,2.608,00,31.60,9.560,90,1.899,38,2.771,72,9%,267%,0.33%,1.66%,0.48%,48.24%,49.45%,31.6,1.14%,-17.68%,,,,,,,,,,,,
,,,,,,,,,,,,,,,,,,2019,4/26/2019,2.642,00,,,,,,,,,,1.20%,2.642,00,31.60,9.560,90,1.899,38,2.771,72,10%,262%,0.33%,1.66%,0.47%,46.33%,47.52%,31.6,1.14%,-16.60%,,,,,,,,,,,,
,,,,,,,,,,,,,,,,,,2019,4/29/2019,2.652,00,,,,,,,,,,1.19%,2.652,00,31.60,9.560,90,1.899,38,2.771,72,10%,261%,0.33%,1.66%,0.47%,45.78%,46.97%,31.6,1.14%,-16.29%,,,,,,,,,,,,
,,,,,,,,,,,,,,,,,,2019,4/30/2019,2.660,00,,,,,,,,,,1.19%,2.660,00,31.60,9.560,90,1.899,38,2.771,72,10%,259%,0.33%,1.66%,0.47%,45.34%,46.53%,31.6,1.14%,-16.04%,,,,,,,,,,,,
,,,,,,,,,,,,,,,,,,2019,5/1/2019,2.670,00,,,,,,,,,,1.18%,2.670,00,31.60,9.560,90,1.899,38,2.771,72,10%,258%,0.33%,1.66%,0.47%,44.79%,45.98%,31.6,1.14%,-15.72%,,,,,,,,,,,,
,,,,,,,,,,,,,,,,,,2019,5/2/2019,2.686,00,,,,,,,,,,1.18%,2.686,00,31.60,9.560,90,1.899,38,2.771,72,10%,256%,0.33%,1.66%,0.47%,43.93%,45.11%,31.6,1.14%,-15.21%,,,,,,,,,,,,
,,,,,,,,,,,,,,,,,,2019,5/3/2019,2.730,00,,,,,,,,,,1.16%,2.730,00,31.60,9.560,90,1.899,38,2.771,72,11%,250%,0.33%,1.66%,0.46%,41.61%,42.77%,31.6,1.14%,-13.83%,,,,,,,,,,,,
,,,,,,,,,,,,,,,,,,2019,5/7/2019,2.724,00,,,,,,,,,,1.16%,2.724,00,31.60,9.560,90,1.899,38,2.771,72,11%,251%,0.33%,1.66%,0.46%,41.92%,43.08%,31.6,1.14%,-14.02%,,,,,,,,,,,,
,,,,,,,,,,,,,,,,,,2019,5/8/2019,2.744,00,,,,,,,,,,1.15%,2.744,00,31.60,9.560,90,1.899,38,2.771,72,11%,248%,0.33%,1.66%,0.46%,40.89%,42.04%,31.6,1.14%,-13.38%,,,,,,,,,,,,
,,,,,,,,,,,,,,,,,,2019,5/9/2019,2.664,00,,,,,,,,,,1.19%,2.664,00,31.60,9.560,90,1.899,38,2.771,72,10%,259%,0.33%,1.66%,0.47%,45.12%,46.31%,31.6,1.14%,-15.91%,,,,,,,,,,,,
,,,,,,,,,,,,,,,,,,2019,5/10/2019,2.662,00,,,,,,,,,,1.19%,2.662,00,31.60,9.560,90,1.899,38,2.771,72,10%,259%,0.33%,1.66%,0.47%,45.23%,46.42%,31.6,1.14%,-15.97%,,,,,,,,,,,,
,,,,,,,,,,,,,,,,,,2019,5/13/2019,2.644,00,,,,,,,,,,1.20%,2.644,00,31.60,9.560,90,1.899,38,2.771,72,10%,262%,0.33%,1.66%,0.47%,46.22%,47.41%,31.6,1.14%,-16.54%,,,,,,,,,,,,
,,,,,,,,,,,,,,,,,,2019,5/14/2019,2.656,00,,,,,,,,,,1.19%,2.656,00,31.60,9.560,90,1.899,38,2.771,72,10%,260%,0.33%,1.66%,0.47%,45.56%,46.75%,31.6,1.14%,-16.16%,,,,,,,,,,,,
,,,,,,,,,,,,,,,,,,2019,5/15/2019,2.650,00,,,,,,,,,,1.19%,2.650,00,31.60,9.560,90,1.899,38,2.771,72,10%,261%,0.33%,1.66%,0.47%,45.89%,47.08%,31.6,1.14%,-16.35%,,,,,,,,,,,,
,,,,,,,,,,,,,,,,,,2019,5/16/2019,2.692,00,,,,,,,,,,1.17%,2.692,00,31.60,9.560,90,1.899,38,2.771,72,10%,255%,0.33%,1.66%,0.46%,43.61%,44.78%,31.6,1.14%,-15.03%,,,,,,,,,,,,
,,,,,,,,,,,,,,,,,,2019,5/17/2019,2.760,00,,,,,,,,,,1.14%,2.760,00,31.60,9.560,90,1.899,38,2.771,72,11%,246%,0.33%,1.66%,0.45%,40.07%,41.22%,31.6,1.14%,-12.88%,,,,,,,,,,,,
,,,,,,,,,,,,,,,,,,2019,5/20/2019,2.718,00,,,,,,,,,,1.16%,2.718,00,31.60,9.560,90,1.899,38,2.771,72,11%,252%,0.33%,1.66%,0.46%,42.24%,43.40%,31.6,1.14%,-14.20%,,,,,,,,,,,,
,,,,,,,,,,,,,,,,,,2019,5/21/2019,2.714,00,,,,,,,,,,1.16%,2.714,00,31.60,9.560,90,1.899,38,2.771,72,11%,252%,0.33%,1.66%,0.46%,42.45%,43.61%,31.6,1.14%,-14.33%,,,,,,,,,,,,
,,,,,,,,,,,,,,,,,,2019,5/22/2019,2.736,00,,,,,,,,,,1.15%,2.736,00,31.60,9.560,90,1.899,38,2.771,72,11%,249%,0.33%,1.66%,0.46%,41.30%,42.46%,31.6,1.14%,-13.64%,,,,,,,,,,,,
,,,,,,,,,,,,,,,,,,2019,5/23/2019,2.744,00,,,,,,,,,,1.15%,2.744,00,31.60,9.560,90,1.899,38,2.771,72,11%,248%,0.33%,1.66%,0.46%,40.89%,42.04%,31.6,1.14%,-13.38%,,,,,,,,,,,,
,,,,,,,,,,,,,,,,,,2019,5/24/2019,2.748,00,,,,,,,,,,1.15%,2.748,00,31.60,9.560,90,1.899,38,2.771,72,11%,248%,0.33%,1.66%,0.45%,40.68%,41.83%,31.6,1.14%,-13.26%,,,,,,,,,,,,
,,,,,,,,,,,,,,,,,,2019,5/28/2019,2.798,00,,,,,,,,,,1.13%,2.798,00,31.60,9.560,90,1.899,38,2.771,72,12%,242%,0.33%,1.66%,0.45%,38.17%,39.30%,31.6,1.14%,-11.68%,,,,,,,,,,,,
,,,,,,,,,,,,,,,,,,2019,5/29/2019,2.760,00,,,,,,,,,,1.14%,2.760,00,31.60,9.560,90,1.899,38,2.771,72,11%,246%,0.33%,1.66%,0.45%,40.07%,41.22%,31.6,1.14%,-12.88%,,,,,,,,,,,,
,,,,,,,,,,,,,,,,,,2019,5/30/2019,2.758,00,,,,,,,,,,1.15%,2.758,00,31.60,9.560,90,1.899,38,2.771,72,11%,247%,0.33%,1.66%,0.45%,40.17%,41.32%,31.6,1.14%,-12.94%,,,,,,,,,,,,
,,,,,,,,,,,,,,,,,,2019,5/31/2019,2.728,00,,,,,,,,,,1.16%,2.728,00,31.60,9.560,90,1.899,38,2.771,72,11%,250%,0.33%,1.66%,0.46%,41.72%,42.87%,31.6,1.14%,-13.89%,,,,,,,,,,,,
,,,,,,,,,,,,,,,,,,2019,6/3/2019,2.706,00,,,,,,,,,,1.17%,2.706,00,31.60,9.560,90,1.899,38,2.771,72,11%,253%,0.33%,1.66%,0.46%,42.87%,44.04%,31.6,1.14%,-14.58%,,,,,,,,,,,,
,,,,,,,,,,,,,,,,,,2019,6/4/2019,2.672,00,,,,,,,,,,1.18%,2.672,00,31.60,9.560,90,1.899,38,2.771,72,10%,258%,0.33%,1.66%,0.47%,44.69%,45.87%,31.6,1.14%,-15.66%,,,,,,,,,,,,
,,,,,,,,,,,,,,,,,,2019,6/5/2019,2.750,00,,,,,,,,,,1.15%,2.750,00,31.60,9.560,90,1.899,38,2.771,72,11%,248%,0.33%,1.66%,0.45%,40.58%,41.73%,31.6,1.14%,-13.19%,,,,,,,,,,,,
,,,,,,,,,,,,,,,,,,2019,6/6/2019,2.760,00,,,,,,,,,,1.14%,2.760,00,31.60,9.560,90,1.899,38,2.771,72,11%,246%,0.33%,1.66%,0.45%,40.07%,41.22%,31.6,1.14%,-12.88%,,,,,,,,,,,,
,,,,,,,,,,,,,,,,,,2019,6/7/2019,2.758,00,,,,,,,,,,1.15%,2.758,00,31.60,9.560,90,1.899,38,2.771,72,11%,247%,0.33%,1.66%,0.45%,40.17%,41.32%,31.6,1.14%,-12.94%,,,,,,,,,,,,
,,,,,,,,,,,,,,,,,,2019,6/10/2019,2.804,00,,,,,,,,,,1.13%,2.804,00,31.60,9.560,90,1.899,38,2.771,72,12%,241%,0.33%,1.66%,0.45%,37.87%,39.00%,31.6,1.14%,-11.49%,,,,,,,,,,,,
,,,,,,,,,,,,,,,,,,2019,6/11/2019,2.788,00,,,,,,,,,,1.13%,2.788,00,31.60,9.560,90,1.899,38,2.771,72,12%,243%,0.33%,1.66%,0.45%,38.67%,39.80%,31.6,1.14%,-11.99%,,,,,,,,,,,,
,,,,,,,,,,,,,,,,,,2019,6/12/2019,2.834,00,,,,,,,,,,1.12%,2.834,00,31.60,9.560,90,1.899,38,2.771,72,12%,237%,0.33%,1.66%,0.44%,36.41%,37.53%,31.6,1.14%,-10.54%,,,,,,,,,,,,
,,,,,,,,,,,,,,,,,,2019,6/13/2019,2.792,00,,,,,,,,,,1.13%,2.792,00,31.60,9.560,90,1.899,38,2.771,72,12%,242%,0.33%,1.66%,0.45%,38.47%,39.60%,31.6,1.14%,-11.87%,,,,,,,,,,,,
,,,,,,,,,,,,,,,,,,2019,6/14/2019,2.782,00,,,,,,,,,,1.14%,2.782,00,31.60,9.560,90,1.899,38,2.771,72,12%,244%,0.33%,1.66%,0.45%,38.96%,40.10%,31.6,1.14%,-12.18%,,,,,,,,,,,,
,,,,,,,,,,,,,,,,,,2019,6/17/2019,2.726,00,,,,,,,,,,1.16%,2.726,00,31.60,9.560,90,1.899,38,2.771,72,11%,251%,0.33%,1.66%,0.46%,41.82%,42.98%,31.6,1.14%,-13.95%,,,,,,,,,,,,
,,,,,,,,,,,,,,,,,,2019,6/18/2019,2.744,00,,,,,,,,,,1.15%,2.744,00,31.60,9.560,90,1.899,38,2.771,72,11%,248%,0.33%,1.66%,0.46%,40.89%,42.04%,31.6,1.14%,-13.38%,,,,,,,,,,,,
,,,,,,,,,,,,,,,,,,2019,6/19/2019,2.768,00,,,,,,,,,,1.14%,2.768,00,31.60,9.560,90,1.899,38,2.771,72,11%,245%,0.33%,1.66%,0.45%,39.67%,40.81%,31.6,1.14%,-12.63%,,,,,,,,,,,,
,,,,,,,,,,,,,,,,,,2019,6/20/2019,2.746,00,,,,,,,,,,1.15%,2.746,00,31.60,9.560,90,1.899,38,2.771,72,11%,248%,0.33%,1.66%,0.46%,40.79%,41.94%,31.6,1.14%,-13.32%,,,,,,,,,,,,
,,,,,,,,,,,,,,,,,,2019,6/21/2019,2.772,00,,,,,,,,,,1.14%,2.772,00,31.60,9.560,90,1.899,38,2.771,72,11%,245%,0.33%,1.66%,0.45%,39.47%,40.61%,31.6,1.14%,-12.50%,,,,,,,,,,,,
,,,,,,,,,,,,,,,,,,2019,6/24/2019,2.816,00,,,,,,,,,,1.12%,2.816,00,31.60,9.560,90,1.899,38,2.771,72,12%,240%,0.33%,1.66%,0.44%,37.29%,38.41%,31.6,1.14%,-11.11%,,,,,,,,,,,,
,,,,,,,,,,,,,,,,,,2019,6/25/2019,2.832,00,,,,,,,,,,1.12%,2.832,00,31.60,9.560,90,1.899,38,2.771,72,12%,238%,0.33%,1.66%,0.44%,36.51%,37.63%,31.6,1.14%,-10.61%,,,,,,,,,,,,
,,,,,,,,,,,,,,,,,,2019,6/26/2019,2.760,00,,,,,,,,,,1.14%,2.760,00,31.60,9.560,90,1.899,38,2.771,72,11%,246%,0.33%,1.66%,0.45%,40.07%,41.22%,31.6,1.14%,-12.88%,,,,,,,,,,,,
,,,,,,,,,,,,,,,,,,2019,6/27/2019,2.720,00,,,,,,,,,,1.16%,2.720,00,31.60,9.560,90,1.899,38,2.771,72,11%,252%,0.33%,1.66%,0.46%,42.13%,43.29%,31.6,1.14%,-14.14%,,,,,,,,,,,,
,,,,,,,,,,,,,,,,,,2019,6/28/2019,2.746,00,,,,,,,,,,1.15%,2.746,00,31.60,9.560,90,1.899,38,2.771,72,11%,248%,0.33%,1.66%,0.46%,40.79%,41.94%,31.6,1.14%,-13.32%,,,,,,,,,,,,
,,,,,,,,,,,,,,,,,,2019,7/1/2019,2.754,00,,,,,,,,,,1.15%,2.754,00,31.60,9.560,90,1.899,38,2.771,72,11%,247%,0.33%,1.66%,0.45%,40.38%,41.53%,31.6,1.14%,-13.07%,,,,,,,,,,,,
,,,,,,,,,,,,,,,,,,2019,7/2/2019,2.776,00,,,,,,,,,,1.14%,2.776,00,31.60,9.560,90,1.899,38,2.771,72,11%,244%,0.33%,1.66%,0.45%,39.27%,40.40%,31.6,1.14%,-12.37%,,,,,,,,,,,,
,,,,,,,,,,,,,,,,,,2019,7/3/2019,2.818,00,,,,,,,,,,1.12%,2.818,00,31.60,9.560,90,1.899,38,2.771,72,12%,239%,0.33%,1.66%,0.44%,37.19%,38.31%,31.6,1.14%,-11.05%,,,,,,,,,,,,
,,,,,,,,,,,,,,,,,,2019,7/4/2019,2.832,00,,,,,,,,,,1.12%,2.832,00,31.60,9.560,90,1.899,38,2.771,72,12%,238%,0.33%,1.66%,0.44%,36.51%,37.63%,31.6,1.14%,-10.61%,,,,,,,,,,,,
,,,,,,,,,,,,,,,,,,2019,7/5/2019,2.784,00,,,,,,,,,,1.14%,2.784,00,31.60,9.560,90,1.899,38,2.771,72,12%,243%,0.33%,1.66%,0.45%,38.86%,40.00%,31.6,1.14%,-12.12%,,,,,,,,,,,,
,,,,,,,,,,,,,,,,,,2019,7/8/2019,2.760,00,,,,,,,,,,1.14%,2.760,00,31.60,9.560,90,1.899,38,2.771,72,11%,246%,0.33%,1.66%,0.45%,40.07%,41.22%,31.6,1.14%,-12.88%,,,,,,,,,,,,
,,,,,,,,,,,,,,,,,,2019,7/9/2019,2.812,00,,,,,,,,,,1.12%,2.812,00,31.60,9.560,90,1.899,38,2.771,72,12%,240%,0.33%,1.66%,0.44%,37.48%,38.61%,31.6,1.14%,-11.24%,,,,,,,,,,,,
,,,,,,,,,,,,,,,,,,2019,7/10/2019,2.860,00,,,,,,,,,,1.10%,2.860,00,31.60,9.560,90,1.899,38,2.771,72,13%,234%,0.33%,1.66%,0.44%,35.17%,36.28%,31.6,1.14%,-9.72%,,,,,,,,,,,,
,,,,,,,,,,,,,,,,,,2019,7/11/2019,2.916,00,,,,,,,,,,1.08%,2.916,00,31.60,9.560,90,1.899,38,2.771,72,13%,228%,0.33%,1.66%,0.43%,32.58%,33.66%,31.6,1.14%,-7.95%,,,,,,,,,,,,
,,,,,,,,,,,,,,,,,,2019,7/12/2019,2.896,00,,,,,,,,,,1.09%,2.896,00,31.60,9.560,90,1.899,38,2.771,72,13%,230%,0.33%,1.66%,0.43%,33.49%,34.59%,31.6,1.14%,-8.59%,,,,,,,,,,,,
,,,,,,,,,,,,,,,,,,2019,7/15/2019,2.932,00,,,,,,,,,,1.08%,2.932,00,31.60,9.560,90,1.899,38,2.771,72,13%,226%,0.33%,1.66%,0.43%,31.86%,32.93%,31.6,1.14%,-7.45%,,,,,,,,,,,,
,,,,,,,,,,,,,,,,,,2019,7/16/2019,2.946,00,,,,,,,,,,1.07%,2.946,00,31.60,9.560,90,1.899,38,2.771,72,14%,225%,0.33%,1.66%,0.42%,31.23%,32.30%,31.6,1.14%,-7.01%,,,,,,,,,,,,
,,,,,,,,,,,,,,,,,,2019,7/17/2019,2.906,00,,,,,,,,,,1.09%,2.906,00,31.60,9.560,90,1.899,38,2.771,72,13%,229%,0.33%,1.66%,0.43%,33.04%,34.12%,31.6,1.14%,-8.27%,,,,,,,,,,,,
,,,,,,,,,,,,,,,,,,2019,7/18/2019,2.884,00,,,,,,,,,,1.10%,2.884,00,31.60,9.560,90,1.899,38,2.771,72,13%,232%,0.33%,1.66%,0.43%,34.05%,35.15%,31.6,1.14%,-8.96%,,,,,,,,,,,,
,,,,,,,,,,,,,,,,,,2019,7/19/2019,2.890,00,,,,,,,,,,1.09%,2.890,00,31.60,9.560,90,1.899,38,2.771,72,13%,231%,0.33%,1.66%,0.43%,33.77%,34.87%,31.6,1.14%,-8.78%,,,,,,,,,,,,
,,,,,,,,,,,,,,,,,,2019,7/22/2019,2.868,00,,,,,,,,,,1.10%,2.868,00,31.60,9.560,90,1.899,38,2.771,72,13%,233%,0.33%,1.66%,0.44%,34.80%,35.90%,31.6,1.14%,-9.47%,,,,,,,,,,,,
,,,,,,,,,,,,,,,,,,2019,7/23/2019,2.884,00,,,,,,,,,,1.10%,2.884,00,31.60,9.560,90,1.899,38,2.771,72,13%,232%,0.33%,1.66%,0.43%,34.05%,35.15%,31.6,1.14%,-8.96%,,,,,,,,,,,,
,,,,,,,,,,,,,,,,,,2019,7/24/2019,2.898,00,,,,,,,,,,1.09%,2.898,00,31.60,9.560,90,1.899,38,2.771,72,13%,230%,0.33%,1.66%,0.43%,33.40%,34.49%,31.6,1.14%,-8.52%,,,,,,,,,,,,
,,,,,,,,,,,,,,,,,,2019,7/25/2019,2.884,00,,,,,,,,,,1.10%,2.884,00,31.60,9.560,90,1.899,38,2.771,72,13%,232%,0.33%,1.66%,0.43%,34.05%,35.15%,31.6,1.14%,-8.96%,,,,,,,,,,,,
,,,,,,,,,,,,,,,,,,2019,7/26/2019,2.896,00,,,,,,,,,,1.09%,2.896,00,31.60,9.560,90,1.899,38,2.771,72,13%,230%,0.33%,1.66%,0.43%,33.49%,34.59%,31.6,1.14%,-8.59%,,,,,,,,,,,,
,,,,,,,,,,,,,,,,,,2019,7/29/2019,2.938,00,,,,,,,,,,1.08%,2.938,00,31.60,9.560,90,1.899,38,2.771,72,14%,225%,0.33%,1.66%,0.43%,31.59%,32.66%,31.6,1.14%,-7.26%,,,,,,,,,,,,
,,,,,,,,,,,,,,,,,,2019,7/30/2019,2.950,00,,,,,,,,,,1.07%,2.950,00,31.60,9.560,90,1.899,38,2.771,72,14%,224%,0.33%,1.66%,0.42%,31.05%,32.12%,31.6,1.14%,-6.88%,,,,,,,,,,,,
,,,,,,,,,,,,,,,,,,2019,7/31/2019,2.946,00,,,,,,,,,,1.07%,2.946,00,31.60,9.560,90,1.899,38,2.771,72,14%,225%,0.33%,1.66%,0.42%,31.23%,32.30%,31.6,1.14%,-7.01%,,,,,,,,,,,,
,,,,,,,,,,,,,,,,,,2019,8/1/2019,2.956,00,,,,,,,,,,1.07%,2.956,00,31.60,9.560,90,1.899,38,2.771,72,14%,223%,0.33%,1.66%,0.42%,30.78%,31.85%,31.6,1.14%,-6.69%,,,,,,,,,,,,
,,,,,,,,,,,,,,,,,,2019,8/2/2019,2.866,00,,,,,,,,,,1.10%,2.866,00,31.60,9.560,90,1.899,38,2.771,72,13%,234%,0.33%,1.66%,0.44%,34.89%,35.99%,31.6,1.14%,-9.53%,,,,,,,,,,,,
,,,,,,,,,,,,,,,,,,2019,8/5/2019,2.798,00,,,,,,,,,,1.13%,2.798,00,31.60,9.560,90,1.899,38,2.771,72,12%,242%,0.33%,1.66%,0.45%,38.17%,39.30%,31.6,1.14%,-11.68%,,,,,,,,,,,,
,,,,,,,,,,,,,,,,,,2019,8/6/2019,2.794,00,,,,,,,,,,1.13%,2.794,00,31.60,9.560,90,1.899,38,2.771,72,12%,242%,0.33%,1.66%,0.45%,38.37%,39.50%,31.6,1.14%,-11.81%,,,,,,,,,,,,
,,,,,,,,,,,,,,,,,,2019,8/7/2019,2.850,00,,,,,,,,,,1.11%,2.850,00,31.60,9.560,90,1.899,38,2.771,72,12%,235%,0.33%,1.66%,0.44%,35.65%,36.76%,31.6,1.14%,-10.04%,,,,,,,,,,,,
,,,,,,,,,,,,,,,,,,2019,8/8/2019,2.884,00,,,,,,,,,,1.10%,2.884,00,31.60,9.560,90,1.899,38,2.771,72,13%,232%,0.33%,1.66%,0.43%,34.05%,35.15%,31.6,1.14%,-8.96%,,,,,,,,,,,,
,,,,,,,,,,,,,,,,,,2019,8/9/2019,2.920,00,,,,,,,,,,1.08%,2.920,00,31.60,9.560,90,1.899,38,2.771,72,13%,227%,0.33%,1.66%,0.43%,32.40%,33.48%,31.6,1.14%,-7.83%,,,,,,,,,,,,
,,,,,,,,,,,,,,,,,,2019,8/12/2019,2.882,00,,,,,,,,,,1.10%,2.882,00,31.60,9.560,90,1.899,38,2.771,72,13%,232%,0.33%,1.66%,0.43%,34.14%,35.24%,31.6,1.14%,-9.03%,,,,,,,,,,,,
,,,,,,,,,,,,,,,,,,2019,8/13/2019,2.904,00,,,,,,,,,,1.09%,2.904,00,31.60,9.560,90,1.899,38,2.771,72,13%,229%,0.33%,1.66%,0.43%,33.13%,34.21%,31.6,1.14%,-8.33%,,,,,,,,,,,,
,,,,,,,,,,,,,,,,,,2019,8/14/2019,2.902,00,,,,,,,,,,1.09%,2.902,00,31.60,9.560,90,1.899,38,2.771,72,13%,229%,0.33%,1.66%,0.43%,33.22%,34.31%,31.6,1.14%,-8.40%,,,,,,,,,,,,
,,,,,,,,,,,,,,,,,,2019,8/15/2019,2.888,00,,,,,,,,,,1.09%,2.888,00,31.60,9.560,90,1.899,38,2.771,72,13%,231%,0.33%,1.66%,0.43%,33.86%,34.96%,31.6,1.14%,-8.84%,,,,,,,,,,,,
,,,,,,,,,,,,,,,,,,2019,8/16/2019,2.894,00,,,,,,,,,,1.09%,2.894,00,31.60,9.560,90,1.899,38,2.771,72,13%,230%,0.33%,1.66%,0.43%,33.59%,34.68%,31.6,1.14%,-8.65%,,,,,,,,,,,,
,,,,,,,,,,,,,,,,,,2019,8/19/2019,2.906,00,,,,,,,,,,1.09%,2.906,00,31.60,9.560,90,1.899,38,2.771,72,13%,229%,0.33%,1.66%,0.43%,33.04%,34.12%,31.6,1.14%,-8.27%,,,,,,,,,,,,
,,,,,,,,,,,,,,,,,,2019,8/20/2019,2.904,00,,,,,,,,,,1.09%,2.904,00,31.60,9.560,90,1.899,38,2.771,72,13%,229%,0.33%,1.66%,0.43%,33.13%,34.21%,31.6,1.14%,-8.33%,,,,,,,,,,,,
,,,,,,,,,,,,,,,,,,2019,8/21/2019,2.986,00,,,,,,,,,,1.06%,2.986,00,31.60,9.560,90,1.899,38,2.771,72,14%,220%,0.33%,1.66%,0.42%,29.47%,30.53%,31.6,1.14%,-5.74%,,,,,,,,,,,,
,,,,,,,,,,,,,,,,,,2019,8/22/2019,2.936,00,,,,,,,,,,1.08%,2.936,00,31.60,9.560,90,1.899,38,2.771,72,14%,226%,0.33%,1.66%,0.43%,31.68%,32.75%,31.6,1.14%,-7.32%,,,,,,,,,,,,
,,,,,,,,,,,,,,,,,,2019,8/23/2019,2.986,00,,,,,,,,,,1.06%,2.986,00,31.60,9.560,90,1.899,38,2.771,72,14%,220%,0.33%,1.66%,0.42%,29.47%,30.53%,31.6,1.14%,-5.74%,,,,,,,,,,,,
,,,,,,,,,,,,,,,,,,2019,8/26/2019,,,,,,,,,,,1.06%,2.986,00,31.60,9.560,90,1.899,38,2.771,72,14%,220%,0.33%,1.66%,0.42%,29.47%,30.53%,31.6,1.14%,-5.74%,,,,,,,,,,,,
,,,,,,,,,,,,,,,,,,2019,8/27/2019,2.958,00,,,,,,,,,,1.07%,2.958,00,31.60,9.560,90,1.899,38,2.771,72,14%,223%,0.33%,1.66%,0.42%,30.70%,31.76%,31.6,1.14%,-6.63%,,,,,,,,,,,,
,,,,,,,,,,,,,,,,,,2019,8/28/2019,2.970,00,,,,,,,,,,1.06%,2.970,00,31.60,9.560,90,1.899,38,2.771,72,14%,222%,0.33%,1.66%,0.42%,30.17%,31.23%,31.6,1.14%,-6.25%,,,,,,,,,,,,
,,,,,,,,,,,,,,,,,,2019,8/29/2019,2.976,00,,,,,,,,,,1.06%,2.976,00,31.60,9.560,90,1.899,38,2.771,72,14%,221%,0.33%,1.66%,0.42%,29.91%,30.97%,31.6,1.14%,-6.06%,,,,,,,,,,,,
,,,,,,,,,,,,,,,,,,2019,8/30/2019,3.000,00,,,,,,,,,,1.05%,3.000,00,31.60,9.560,90,1.899,38,2.771,72,14%,219%,0.33%,1.66%,0.42%,28.87%,29.92%,31.6,1.14%,-5.30%,,,,,,,,,,,,
,,,,,,,,,,,,,,,,,,2019,9/2/2019,2.978,00,,,,,,,,,,1.06%,2.978,00,31.60,9.560,90,1.899,38,2.771,72,14%,221%,0.33%,1.66%,0.42%,29.82%,30.88%,31.6,1.14%,-6.00%,,,,,,,,,,,,
,,,,,,,,,,,,,,,,,,2019,9/3/2019,2.918,00,,,,,,,,,,1.08%,2.918,00,31.60,9.560,90,1.899,38,2.771,72,13%,228%,0.33%,1.66%,0.43%,32.49%,33.57%,31.6,1.14%,-7.89%,,,,,,,,,,,,
,,,,,,,,,,,,,,,,,,2019,9/4/2019,3.000,00,,,,,,,,,,1.05%,3.000,00,31.60,9.560,90,1.899,38,2.771,72,14%,219%,0.33%,1.66%,0.42%,28.87%,29.92%,31.6,1.14%,-5.30%,,,,,,,,,,,,
,,,,,,,,,,,,,,,,,,2019,9/5/2019,2.974,00,,,,,,,,,,1.06%,2.974,00,31.60,9.560,90,1.899,38,2.771,72,14%,221%,0.33%,1.66%,0.42%,29.99%,31.06%,31.6,1.14%,-6.12%,,,,,,,,,,,,
,,,,,,,,,,,,,,,,,,2019,9/6/2019,3.036,00,,,,,,,,,,1.04%,3.036,00,31.60,9.560,90,1.899,38,2.771,72,15%,215%,0.33%,1.66%,0.41%,27.34%,28.38%,31.6,1.14%,-4.17%,,,,,,,,,,,,
,,,,,,,,,,,,,,,,,,2019,9/9/2019,2.950,00,,,,,,,,,,1.07%,2.950,00,31.60,9.560,90,1.899,38,2.771,72,14%,224%,0.33%,1.66%,0.42%,31.05%,32.12%,31.6,1.14%,-6.88%,,,,,,,,,,,,
,,,,,,,,,,,,,,,,,,2019,9/10/2019,2.790,00,,,,,,,,,,1.13%,2.790,00,31.60,9.560,90,1.899,38,2.771,72,12%,243%,0.33%,1.66%,0.45%,38.57%,39.70%,31.6,1.14%,-11.93%,,,,,,,,,,,,
,,,,,,,,,,,,,,,,,,2019,9/11/2019,2.806,00,,,,,,,,,,1.13%,2.806,00,31.60,9.560,90,1.899,38,2.771,72,12%,241%,0.33%,1.66%,0.45%,37.78%,38.90%,31.6,1.14%,-11.43%,,,,,,,,,,,,
,,,,,,,,,,,,,,,,,,2019,9/12/2019,2.880,00,,,,,,,,,,1.10%,2.880,00,31.60,9.560,90,1.899,38,2.771,72,13%,232%,0.33%,1.66%,0.43%,34.24%,35.33%,31.6,1.14%,-9.09%,,,,,,,,,,,,
,,,,,,,,,,,,,,,,,,2019,9/13/2019,2.890,00,,,,,,,,,,1.09%,2.890,00,31.60,9.560,90,1.899,38,2.771,72,13%,231%,0.33%,1.66%,0.43%,33.77%,34.87%,31.6,1.14%,-8.78%,,,,,,,,,,,,
,,,,,,,,,,,,,,,,,,2019,9/16/2019,2.908,00,,,,,,,,,,1.09%,2.908,00,31.60,9.560,90,1.899,38,2.771,72,13%,229%,0.33%,1.66%,0.43%,32.94%,34.03%,31.6,1.14%,-8.21%,,,,,,,,,,,,
,,,,,,,,,,,,,,,,,,2019,9/17/2019,2.916,00,,,,,,,,,,1.08%,2.916,00,31.60,9.560,90,1.899,38,2.771,72,13%,228%,0.33%,1.66%,0.43%,32.58%,33.66%,31.6,1.14%,-7.95%,,,,,,,,,,,,
,,,,,,,,,,,,,,,,,,2019,9/18/2019,2.942,00,,,,,,,,,,1.07%,2.942,00,31.60,9.560,90,1.899,38,2.771,72,14%,225%,0.33%,1.66%,0.42%,31.41%,32.48%,31.6,1.14%,-7.13%,,,,,,,,,,,,
,,,,,,,,,,,,,,,,,,2019,9/19/2019,2.792,00,,,,,,,,,,1.13%,2.792,00,31.60,9.560,90,1.899,38,2.771,72,12%,242%,0.33%,1.66%,0.45%,38.47%,39.60%,31.6,1.14%,-11.87%,,,,,,,,,,,,
,,,,,,,,,,,,,,,,,,2019,9/20/2019,2.780,00,,,,,,,,,,1.14%,2.780,00,31.60,9.560,90,1.899,38,2.771,72,11%,244%,0.33%,1.66%,0.45%,39.06%,40.20%,31.6,1.14%,-12.25%,,,,,,,,,,,,
,,,,,,,,,,,,,,,,,,2019,9/23/2019,2.794,00,,,,,,,,,,1.13%,2.794,00,31.60,9.560,90,1.899,38,2.771,72,12%,242%,0.33%,1.66%,0.45%,38.37%,39.50%,31.6,1.14%,-11.81%,,,,,,,,,,,,
,,,,,,,,,,,,,,,,,,2019,9/24/2019,2.814,00,,,,,,,,,,1.12%,2.814,00,31.60,9.560,90,1.899,38,2.771,72,12%,240%,0.33%,1.66%,0.44%,37.38%,38.51%,31.6,1.14%,-11.17%,,,,,,,,,,,,
,,,,,,,,,,,,,,,,,,2019,9/25/2019,2.782,00,,,,,,,,,,1.14%,2.782,00,31.60,9.560,90,1.899,38,2.771,72,12%,244%,0.33%,1.66%,0.45%,38.96%,40.10%,31.6,1.14%,-12.18%,,,,,,,,,,,,
,,,,,,,,,,,,,,,,,,2019,9/26/2019,2.766,00,,,,,,,,,,1.14%,2.766,00,31.60,9.560,90,1.899,38,2.771,72,11%,246%,0.33%,1.66%,0.45%,39.77%,40.91%,31.6,1.14%,-12.69%,,,,,,,,,,,,
,,,,,,,,,,,,,,,,,,2019,9/27/2019,2.784,00,,,,,,,,,,1.14%,2.784,00,31.60,9.560,90,1.899,38,2.771,72,12%,243%,0.33%,1.66%,0.45%,38.86%,40.00%,31.6,1.14%,-12.12%,,,,,,,,,,,,
,,,,,,,,,,,,,,,,,,2019,9/30/2019,2.768,00,,,,,,,,,,1.14%,2.768,00,31.60,9.560,90,1.899,38,2.771,72,11%,245%,0.33%,1.66%,0.45%,39.67%,40.81%,31.6,1.14%,-12.63%,,,,,,,,,,,,
,,,,,,,,,,,,,,,,,,2019,10/1/2019,2.790,00,,,,,,,,,,1.13%,2.790,00,31.60,9.560,90,1.899,38,2.771,72,12%,243%,0.33%,1.66%,0.45%,38.57%,39.70%,31.6,1.14%,-11.93%,,,,,,,,,,,,
,,,,,,,,,,,,,,,,,,2019,10/2/2019,2.706,00,,,,,,,,,,1.17%,2.706,00,31.60,9.560,90,1.899,38,2.771,72,11%,253%,0.33%,1.66%,0.46%,42.87%,44.04%,31.6,1.14%,-14.58%,,,,,,,,,,,,
,,,,,,,,,,,,,,,,,,2019,10/3/2019,2.728,00,,,,,,,,,,1.16%,2.728,00,31.60,9.560,90,1.899,38,2.771,72,11%,250%,0.33%,1.66%,0.46%,41.72%,42.87%,31.6,1.14%,-13.89%,,,,,,,,,,,,
,,,,,,,,,,,,,,,,,,2019,10/4/2019,2.736,00,,,,,,,,,,1.15%,2.736,00,31.60,9.560,90,1.899,38,2.771,72,11%,249%,0.33%,1.66%,0.46%,41.30%,42.46%,31.6,1.14%,-13.64%,,,,,,,,,,,,
,,,,,,,,,,,,,,,,,,2019,10/7/2019,2.660,00,,,,,,,,,,1.19%,2.660,00,31.60,9.560,90,1.899,38,2.771,72,10%,259%,0.33%,1.66%,0.47%,45.34%,46.53%,31.6,1.14%,-16.04%,,,,,,,,,,,,
,,,,,,,,,,,,,,,,,,2019,10/8/2019,2.606,00,,,,,,,,,,1.21%,2.606,00,31.60,9.560,90,1.899,38,2.771,72,9%,267%,0.33%,1.66%,0.48%,48.35%,49.56%,31.6,1.14%,-17.74%,,,,,,,,,,,,
,,,,,,,,,,,,,,,,,,2019,10/9/2019,2.616,00,,,,,,,,,,1.21%,2.616,00,31.60,9.560,90,1.899,38,2.771,72,9%,265%,0.33%,1.66%,0.48%,47.78%,48.99%,31.6,1.14%,-17.42%,,,,,,,,,,,,
,,,,,,,,,,,,,,,,,,2019,10/10/2019,2.550,00,,,,,,,,,,1.24%,2.550,00,31.60,9.560,90,1.899,38,2.771,72,8%,275%,0.33%,1.66%,0.49%,51.61%,52.85%,31.6,1.14%,-19.51%,,,,,,,,,,,,
,,,,,,,,,,,,,,,,,,2019,10/11/2019,2.574,00,,,,,,,,,,1.23%,2.574,00,31.60,9.560,90,1.899,38,2.771,72,9%,271%,0.33%,1.66%,0.49%,50.19%,51.42%,31.6,1.14%,-18.75%,,,,,,,,,,,,
,,,,,,,,,,,,,,,,,,2019,10/14/2019,2.630,00,,,,,,,,,,1.20%,2.630,00,31.60,9.560,90,1.899,38,2.771,72,10%,264%,0.33%,1.66%,0.48%,47.00%,48.20%,31.6,1.14%,-16.98%,,,,,,,,,,,,
,,,,,,,,,,,,,,,,,,2019,10/15/2019,2.618,00,,,,,,,,,,1.21%,2.618,00,31.60,9.560,90,1.899,38,2.771,72,9%,265%,0.33%,1.66%,0.48%,47.67%,48.88%,31.6,1.14%,-17.36%,,,,,,,,,,,,
,,,,,,,,,,,,,,,,,,2019,10/16/2019,2.626,00,,,,,,,,,,1.20%,2.626,00,31.60,9.560,90,1.899,38,2.771,72,9%,264%,0.33%,1.66%,0.48%,47.22%,48.42%,31.6,1.14%,-17.11%,,,,,,,,,,,,
,,,,,,,,,,,,,,,,,,2019,10/17/2019,2.676,00,,,,,,,,,,1.18%,2.676,00,31.60,9.560,90,1.899,38,2.771,72,10%,257%,0.33%,1.66%,0.47%,44.47%,45.65%,31.6,1.14%,-15.53%,,,,,,,,,,,,
,,,,,,,,,,,,,,,,,,2019,10/18/2019,2.626,00,,,,,,,,,,1.20%,2.626,00,31.60,9.560,90,1.899,38,2.771,72,9%,264%,0.33%,1.66%,0.48%,47.22%,48.42%,31.6,1.14%,-17.11%,,,,,,,,,,,,
,,,,,,,,,,,,,,,,,,2019,10/21/2019,2.572,00,,,,,,,,,,1.23%,2.572,00,31.60,9.560,90,1.899,38,2.771,72,9%,272%,0.33%,1.66%,0.49%,50.31%,51.54%,31.6,1.14%,-18.81%,,,,,,,,,,,,
,,,,,,,,,,,,,,,,,,2019,10/22/2019,2.544,00,,,,,,,,,,1.24%,2.544,00,31.60,9.560,90,1.899,38,2.771,72,8%,276%,0.33%,1.66%,0.49%,51.97%,53.21%,31.6,1.14%,-19.70%,,,,,,,,,,,,
,,,,,,,,,,,,,,,,,,2019,10/23/2019,2.558,00,,,,,,,,,,1.24%,2.558,00,31.60,9.560,90,1.899,38,2.771,72,9%,274%,0.33%,1.66%,0.49%,51.13%,52.37%,31.6,1.14%,-19.26%,,,,,,,,,,,,
,,,,,,,,,,,,,,,,,,2019,10/24/2019,2.540,00,,,,,,,,,,1.24%,2.540,00,31.60,9.560,90,1.899,38,2.771,72,8%,276%,0.33%,1.66%,0.49%,52.20%,53.45%,31.6,1.14%,-19.82%,,,,,,,,,,,,
,,,,,,,,,,,,,,,,,,2019,10/25/2019,2.560,00,,,,,,,,,,1.23%,2.560,00,31.60,9.560,90,1.899,38,2.771,72,9%,273%,0.33%,1.66%,0.49%,51.02%,52.25%,31.6,1.14%,-19.19%,,,,,,,,,,,,
,,,,,,,,,,,,,,,,,,2019,10/28/2019,2.600,00,,,,,,,,,,1.22%,2.600,00,31.60,9.560,90,1.899,38,2.771,72,9%,268%,0.33%,1.66%,0.48%,48.69%,49.91%,31.6,1.14%,-17.93%,,,,,,,,,,,,
,,,,,,,,,,,,,,,,,,2019,10/29/2019,2.592,00,,,,,,,,,,1.22%,2.592,00,31.60,9.560,90,1.899,38,2.771,72,9%,269%,0.33%,1.66%,0.48%,49.15%,50.37%,31.6,1.14%,-18.18%,,,,,,,,,,,,
,,,,,,,,,,,,,,,,,,2019,10/30/2019,2.638,00,,,,,,,,,,1.20%,2.638,00,31.60,9.560,90,1.899,38,2.771,72,10%,262%,0.33%,1.66%,0.47%,46.55%,47.75%,31.6,1.14%,-16.73%,,,,,,,,,,,,
,,,,,,,,,,,,,,,,,,2019,10/31/2019,2.630,00,,,,,,,,,,1.20%,2.630,00,31.60,9.560,90,1.899,38,2.771,72,10%,264%,0.33%,1.66%,0.48%,47.00%,48.20%,31.6,1.14%,-16.98%,,,,,,,,,,,,
,,,,,,,,,,,,,,,,,,2019,11/1/2019,2.628,00,,,,,,,,,,1.20%,2.628,00,31.60,9.560,90,1.899,38,2.771,72,10%,264%,0.33%,1.66%,0.48%,47.11%,48.31%,31.6,1.14%,-17.05%,,,,,,,,,,,,
,,,,,,,,,,,,,,,,,,2019,11/4/2019,2.612,00,,,,,,,,,,1.21%,2.612,00,31.60,9.560,90,1.899,38,2.771,72,9%,266%,0.33%,1.66%,0.48%,48.01%,49.22%,31.6,1.14%,-17.55%,,,,,,,,,,,,
,,,,,,,,,,,,,,,,,,2019,11/5/2019,2.574,00,,,,,,,,,,1.23%,2.574,00,31.60,9.560,90,1.899,38,2.771,72,9%,271%,0.33%,1.66%,0.49%,50.19%,51.42%,31.6,1.14%,-18.75%,,,,,,,,,,,,
,,,,,,,,,,,,,,,,,,2019,11/6/2019,2.630,00,,,,,,,,,,1.20%,2.630,00,31.60,9.560,90,1.899,38,2.771,72,10%,264%,0.33%,1.66%,0.48%,47.00%,48.20%,31.6,1.14%,-16.98%,,,,,,,,,,,,
,,,,,,,,,,,,,,,,,,2019,11/7/2019,2.630,00,,,,,,,,,,1.20%,2.630,00,31.60,9.560,90,1.899,38,2.771,72,10%,264%,0.33%,1.66%,0.48%,47.00%,48.20%,31.6,1.14%,-16.98%,,,,,,,,,,,,
,,,,,,,,,,,,,,,,,,2019,11/8/2019,2.622,00,,,,,,,,,,1.21%,2.622,00,31.60,9.560,90,1.899,38,2.771,72,9%,265%,0.33%,1.66%,0.48%,47.44%,48.65%,31.6,1.14%,-17.23%,,,,,,,,,,,,
,,,,,,,,,,,,,,,,,,2019,11/11/2019,2.626,00,,,,,,,,,,1.20%,2.626,00,31.60,9.560,90,1.899,38,2.771,72,9%,264%,0.33%,1.66%,0.48%,47.22%,48.42%,31.6,1.14%,-17.11%,,,,,,,,,,,,
,,,,,,,,,,,,,,,,,,2019,11/12/2019,2.672,00,,,,,,,,,,1.18%,2.672,00,31.60,9.560,90,1.899,38,2.771,72,10%,258%,0.33%,1.66%,0.47%,44.69%,45.87%,31.6,1.14%,-15.66%,,,,,,,,,,,,
,,,,,,,,,,,,,,,,,,2019,11/13/2019,2.750,00,,,,,,,,,,1.15%,2.750,00,31.60,9.560,90,1.899,38,2.771,72,11%,248%,0.33%,1.66%,0.45%,40.58%,41.73%,31.6,1.14%,-13.19%,,,,,,,,,,,,
,,,,,,,,,,,,,,,,,,2019,11/14/2019,2.780,00,,,,,,,,,,1.14%,2.780,00,31.60,9.560,90,1.899,38,2.771,72,11%,244%,0.33%,1.66%,0.45%,39.06%,40.20%,31.6,1.14%,-12.25%,,,,,,,,,,,,
,,,,,,,,,,,,,,,,,,2019,11/15/2019,2.716,00,,,,,,,,,,1.16%,2.716,00,31.60,9.560,90,1.899,38,2.771,72,11%,252%,0.33%,1.66%,0.46%,42.34%,43.51%,31.6,1.14%,-14.27%,,,,,,,,,,,,
,,,,,,,,,,,,,,,,,,2019,11/18/2019,2.712,00,,,,,,,,,,1.17%,2.712,00,31.60,9.560,90,1.899,38,2.771,72,11%,253%,0.33%,1.66%,0.46%,42.55%,43.72%,31.6,1.14%,-14.39%,,,,,,,,,,,,
,,,,,,,,,,,,,,,,,,2019,11/19/2019,2.734,00,,,,,,,,,,1.16%,2.734,00,31.60,9.560,90,1.899,38,2.771,72,11%,250%,0.33%,1.66%,0.46%,41.40%,42.56%,31.6,1.14%,-13.70%,,,,,,,,,,,,
,,,,,,,,,,,,,,,,,,2019,11/20/2019,2.770,00,,,,,,,,,,1.14%,2.770,00,31.60,9.560,90,1.899,38,2.771,72,11%,245%,0.33%,1.66%,0.45%,39.57%,40.71%,31.6,1.14%,-12.56%,,,,,,,,,,,,
,,,,,,,,,,,,,,,,,,2019,11/21/2019,2.794,00,,,,,,,,,,1.13%,2.794,00,31.60,9.560,90,1.899,38,2.771,72,12%,242%,0.33%,1.66%,0.45%,38.37%,39.50%,31.6,1.14%,-11.81%,,,,,,,,,,,,
,,,,,,,,,,,,,,,,,,2019,11/22/2019,2.800,00,,,,,,,,,,1.13%,2.800,00,31.60,9.560,90,1.899,38,2.771,72,12%,241%,0.33%,1.66%,0.45%,38.07%,39.20%,31.6,1.14%,-11.62%,,,,,,,,,,,,
,,,,,,,,,,,,,,,,,,2019,11/25/2019,2.800,00,,,,,,,,,,1.13%,2.800,00,31.60,9.560,90,1.899,38,2.771,72,12%,241%,0.33%,1.66%,0.45%,38.07%,39.20%,31.6,1.14%,-11.62%,,,,,,,,,,,,
,,,,,,,,,,,,,,,,,,2019,11/26/2019,2.806,00,,,,,,,,,,1.13%,2.806,00,31.60,9.560,90,1.899,38,2.771,72,12%,241%,0.33%,1.66%,0.45%,37.78%,38.90%,31.6,1.14%,-11.43%,,,,,,,,,,,,
,,,,,,,,,,,,,,,,,,2019,11/27/2019,2.816,00,,,,,,,,,,1.12%,2.816,00,31.60,9.560,90,1.899,38,2.771,72,12%,240%,0.33%,1.66%,0.44%,37.29%,38.41%,31.6,1.14%,-11.11%,,,,,,,,,,,,
,,,,,,,,,,,,,,,,,,2019,11/28/2019,2.832,00,,,,,,,,,,1.12%,2.832,00,31.60,9.560,90,1.899,38,2.771,72,12%,238%,0.33%,1.66%,0.44%,36.51%,37.63%,31.6,1.14%,-10.61%,,,,,,,,,,,,
,,,,,,,,,,,,,,,,,,2019,11/29/2019,2.834,00,,,,,,,,,,1.12%,2.834,00,31.60,9.560,90,1.899,38,2.771,72,12%,237%,0.33%,1.66%,0.44%,36.41%,37.53%,31.6,1.14%,-10.54%,,,,,,,,,,,,
,,,,,,,,,,,,,,,,,,2019,12/2/2019,2.762,00,,,,,,,,,,1.14%,2.762,00,31.60,9.560,90,1.899,38,2.771,72,11%,246%,0.33%,1.66%,0.45%,39.97%,41.12%,31.6,1.14%,-12.82%,,,,,,,,,,,,
,,,,,,,,,,,,,,,,,,2019,12/3/2019,2.760,00,,,,,,,,,,1.14%,2.760,00,31.60,9.560,90,1.899,38,2.771,72,11%,246%,0.33%,1.66%,0.45%,40.07%,41.22%,31.6,1.14%,-12.88%,,,,,,,,,,,,
,,,,,,,,,,,,,,,,,,2019,12/4/2019,2.750,00,,,,,,,,,,1.15%,2.750,00,31.60,9.560,90,1.899,38,2.771,72,11%,248%,0.33%,1.66%,0.45%,40.58%,41.73%,31.6,1.14%,-13.19%,,,,,,,,,,,,
,,,,,,,,,,,,,,,,,,2019,12/5/2019,2.786,00,,,,,,,,,,1.13%,2.786,00,31.60,9.560,90,1.899,38,2.771,72,12%,243%,0.33%,1.66%,0.45%,38.77%,39.90%,31.6,1.14%,-12.06%,,,,,,,,,,,,
,,,,,,,,,,,,,,,,,,2019,12/6/2019,2.796,00,,,,,,,,,,1.13%,2.796,00,31.60,9.560,90,1.899,38,2.771,72,12%,242%,0.33%,1.66%,0.45%,38.27%,39.40%,31.6,1.14%,-11.74%,,,,,,,,,,,,
,,,,,,,,,,,,,,,,,,2019,12/9/2019,2.750,00,,,,,,,,,,1.15%,2.750,00,31.60,9.560,90,1.899,38,2.771,72,11%,248%,0.33%,1.66%,0.45%,40.58%,41.73%,31.6,1.14%,-13.19%,,,,,,,,,,,,
,,,,,,,,,,,,,,,,,,2019,12/10/2019,2.728,00,,,,,,,,,,1.16%,2.728,00,31.60,9.560,90,1.899,38,2.771,72,11%,250%,0.33%,1.66%,0.46%,41.72%,42.87%,31.6,1.14%,-13.89%,,,,,,,,,,,,
,,,,,,,,,,,,,,,,,,2019,12/11/2019,2.652,00,,,,,,,,,,1.19%,2.652,00,31.60,9.560,90,1.899,38,2.771,72,10%,261%,0.33%,1.66%,0.47%,45.78%,46.97%,31.6,1.14%,-16.29%,,,,,,,,,,,,
,,,,,,,,,,,,,,,,,,2019,12/12/2019,2.660,00,,,,,,,,,,1.19%,2.660,00,31.60,9.560,90,1.899,38,2.771,72,10%,259%,0.33%,1.66%,0.47%,45.34%,46.53%,31.6,1.14%,-16.04%,,,,,,,,,,,,
,,,,,,,,,,,,,,,,,,2019,12/13/2019,2.690,00,,,,,,,,,,1.17%,2.690,00,31.60,9.560,90,1.899,38,2.771,72,10%,255%,0.33%,1.66%,0.46%,43.72%,44.89%,31.6,1.14%,-15.09%,,,,,,,,,,,,
,,,,,,,,,,,,,,,,,,2019,12/16/2019,2.790,00,,,,,,,,,,1.13%,2.790,00,31.60,9.560,90,1.899,38,2.771,72,12%,243%,0.33%,1.66%,0.45%,38.57%,39.70%,31.6,1.14%,-11.93%,,,,,,,,,,,,
,,,,,,,,,,,,,,,,,,2019,12/17/2019,2.820,00,,,,,,,,,,1.12%,2.820,00,31.60,9.560,90,1.899,38,2.771,72,12%,239%,0.33%,1.66%,0.44%,37.09%,38.21%,31.6,1.14%,-10.98%,,,,,,,,,,,,
,,,,,,,,,,,,,,,,,,2019,12/18/2019,2.876,00,,,,,,,,,,1.10%,2.876,00,31.60,9.560,90,1.899,38,2.771,72,13%,232%,0.33%,1.66%,0.43%,34.42%,35.52%,31.6,1.14%,-9.22%,,,,,,,,,,,,
,,,,,,,,,,,,,,,,,,2019,12/19/2019,2.914,00,,,,,,,,,,1.08%,2.914,00,31.60,9.560,90,1.899,38,2.771,72,13%,228%,0.33%,1.66%,0.43%,32.67%,33.75%,31.6,1.14%,-8.02%,,,,,,,,,,,,
,,,,,,,,,,,,,,,,,,2019,12/20/2019,2.948,00,,,,,,,,,,1.07%,2.948,00,31.60,9.560,90,1.899,38,2.771,72,14%,224%,0.33%,1.66%,0.42%,31.14%,32.21%,31.6,1.14%,-6.94%,,,,,,,,,,,,
,,,,,,,,,,,,,,,,,,2019,12/23/2019,2.962,00,,,,,,,,,,1.07%,2.962,00,31.60,9.560,90,1.899,38,2.771,72,14%,223%,0.33%,1.66%,0.42%,30.52%,31.59%,31.6,1.14%,-6.50%,,,,,,,,,,,,
,,,,,,,,,,,,,,,,,,2019,12/24/2019,2.990,00,,,,,,,,,,1.06%,2.990,00,31.60,9.560,90,1.899,38,2.771,72,14%,220%,0.33%,1.66%,0.42%,29.30%,30.35%,31.6,1.14%,-5.62%,,,,,,,,,,,,
,,,,,,,,,,,,,,,,,,2019,12/27/2019,2.966,00,,,,,,,,,,1.07%,2.966,00,31.60,9.560,90,1.899,38,2.771,72,14%,222%,0.33%,1.66%,0.42%,30.34%,31.41%,31.6,1.14%,-6.38%,,,,,,,,,,,,
,,,,,,,,,,,,,,,,,,2019,12/30/2019,2.892,00,,,,,,,,,,1.09%,2.892,00,31.60,9.560,90,1.899,38,2.771,72,13%,231%,0.33%,1.66%,0.43%,33.68%,34.77%,31.6,1.14%,-8.71%,,,,,,,,,,,,
,,,,,,,,,,,,,,,,,,2019,12/31/2019,2.900,00,,,,,,,,,,1.09%,2.900,00,31.60,9.560,90,1.899,38,2.771,72,13%,230%,0.33%,1.66%,0.43%,33.31%,34.40%,31.6,1.14%,-8.46%,,,,,,,,,,,,
,,,,,,,,,,,,,,,,,,2020,1/2/2020,2.938,00,,,,,,,,,,1.17%,2.938,00,34.29,10.374,78,2.061,07,3.007,67,11%,253%,0.33%,1.66%,0.43%,31.59%,31.59%,0,1.14%,-7.26%,,,,,,,,,,,,
,,,,,,,,,,,,,,,,,,2020,1/3/2020,2.940,00,,,,,,,,,,1.17%,2.940,00,34.29,10.374,78,2.061,07,3.007,67,11%,253%,0.33%,1.66%,0.43%,31.50%,31.50%,0,1.14%,-7.20%,,,,,,,,,,,,
,,,,,,,,,,,,,,,,,,2020,1/6/2020,2.918,00,,,,,,,,,,1.18%,2.918,00,34.29,10.374,78,2.061,07,3.007,67,10%,256%,0.33%,1.66%,0.43%,32.49%,32.49%,0,1.14%,-7.89%,,,,,,,,,,,,
,,,,,,,,,,,,,,,,,,2020,1/7/2020,3.002,00,,,,,,,,,,1.14%,3.002,00,34.29,10.374,78,2.061,07,3.007,67,11%,246%,0.33%,1.66%,0.42%,28.78%,28.78%,0,1.14%,-5.24%,,,,,,,,,,,,
,,,,,,,,,,,,,,,,,,2020,1/8/2020,3.010,00,,,,,,,,,,1.14%,3.010,00,34.29,10.374,78,2.061,07,3.007,67,11%,245%,0.33%,1.66%,0.42%,28.44%,28.44%,0,1.14%,-4.99%,,,,,,,,,,,,
,,,,,,,,,,,,,,,,,,2020,1/9/2020,3.056,00,,,,,,,,,,1.12%,3.056,00,34.29,10.374,78,2.061,07,3.007,67,12%,239%,0.33%,1.66%,0.41%,26.51%,26.51%,0,1.14%,-3.54%,,,,,,,,,,,,
,,,,,,,,,,,,,,,,,,2020,1/10/2020,3.024,00,,,,,,,,,,1.13%,3.024,00,34.29,10.374,78,2.061,07,3.007,67,12%,243%,0.33%,1.66%,0.41%,27.84%,27.84%,0,1.14%,-4.55%,,,,,,,,,,,,
,,,,,,,,,,,,,,,,,,2020,1/13/2020,3.062,00,,,,,,,,,,1.12%,3.062,00,34.29,10.374,78,2.061,07,3.007,67,12%,239%,0.33%,1.66%,0.41%,26.26%,26.26%,0,1.14%,-3.35%,,,,,,,,,,,,
,,,,,,,,,,,,,,,,,,2020,1/14/2020,3.058,00,,,,,,,,,,1.12%,3.058,00,34.29,10.374,78,2.061,07,3.007,67,12%,239%,0.33%,1.66%,0.41%,26.42%,26.42%,0,1.14%,-3.47%,,,,,,,,,,,,
,,,,,,,,,,,,,,,,,,2020,1/15/2020,3.068,00,,,,,,,,,,1.12%,3.068,00,34.29,10.374,78,2.061,07,3.007,67,12%,238%,0.33%,1.66%,0.41%,26.01%,26.01%,0,1.14%,-3.16%,,,,,,,,,,,,
,,,,,,,,,,,,,,,,,,2020,1/16/2020,2.806,00,,,,,,,,,,1.22%,2.806,00,34.29,10.374,78,2.061,07,3.007,67,9%,270%,0.33%,1.66%,0.45%,37.78%,37.78%,0,1.14%,-11.43%,,,,,,,,,,,,
,,,,,,,,,,,,,,,,,,2020,1/17/2020,2.834,00,,,,,,,,,,1.21%,2.834,00,34.29,10.374,78,2.061,07,3.007,67,9%,266%,0.33%,1.66%,0.44%,36.41%,36.41%,0,1.14%,-10.54%,,,,,,,,,,,,
,,,,,,,,,,,,,,,,,,2020,1/20/2020,2.890,00,,,,,,,,,,1.19%,2.890,00,34.29,10.374,78,2.061,07,3.007,67,10%,259%,0.33%,1.66%,0.43%,33.77%,33.77%,0,1.14%,-8.78%,,,,,,,,,,,,
,,,,,,,,,,,,,,,,,,2020,1/21/2020,2.910,00,,,,,,,,,,1.18%,2.910,00,34.29,10.374,78,2.061,07,3.007,67,10%,257%,0.33%,1.66%,0.43%,32.85%,32.85%,0,1.14%,-8.14%,,,,,,,,,,,,
,,,,,,,,,,,,,,,,,,2020,1/22/2020,2.950,00,,,,,,,,,,1.16%,2.950,00,34.29,10.374,78,2.061,07,3.007,67,11%,252%,0.33%,1.66%,0.42%,31.05%,31.05%,0,1.14%,-6.88%,,,,,,,,,,,,
,,,,,,,,,,,,,,,,,,2020,1/23/2020,2.934,00,,,,,,,,,,1.17%,2.934,00,34.29,10.374,78,2.061,07,3.007,67,10%,254%,0.33%,1.66%,0.43%,31.77%,31.77%,0,1.14%,-7.39%,,,,,,,,,,,,
,,,,,,,,,,,,,,,,,,2020,1/24/2020,2.952,00,,,,,,,,,,1.16%,2.952,00,34.29,10.374,78,2.061,07,3.007,67,11%,251%,0.33%,1.66%,0.42%,30.96%,30.96%,0,1.14%,-6.82%,,,,,,,,,,,,
,,,,,,,,,,,,,,,,,,2020,1/27/2020,2.942,00,,,,,,,,,,1.17%,2.942,00,34.29,10.374,78,2.061,07,3.007,67,11%,253%,0.33%,1.66%,0.42%,31.41%,31.41%,0,1.14%,-7.13%,,,,,,,,,,,,
,,,,,,,,,,,,,,,,,,2020,1/28/2020,2.908,00,,,,,,,,,,1.18%,2.908,00,34.29,10.374,78,2.061,07,3.007,67,10%,257%,0.33%,1.66%,0.43%,32.94%,32.94%,0,1.14%,-8.21%,,,,,,,,,,,,
,,,,,,,,,,,,,,,,,,2020,1/29/2020,2.904,00,,,,,,,,,,1.18%,2.904,00,34.29,10.374,78,2.061,07,3.007,67,10%,257%,0.33%,1.66%,0.43%,33.13%,33.13%,0,1.14%,-8.33%,,,,,,,,,,,,
,,,,,,,,,,,,,,,,,,2020,1/30/2020,2.878,00,,,,,,,,,,1.19%,2.878,00,34.29,10.374,78,2.061,07,3.007,67,10%,260%,0.33%,1.66%,0.43%,34.33%,34.33%,0,1.14%,-9.15%,,,,,,,,,,,,
,,,,,,,,,,,,,,,,,,2020,1/31/2020,2.844,00,,,,,,,,,,1.21%,2.844,00,34.29,10.374,78,2.061,07,3.007,67,9%,265%,0.33%,1.66%,0.44%,35.94%,35.94%,0,1.14%,-10.23%,,,,,,,,,,,,
,,,,,,,,,,,,,,,,,,2020,2/3/2020,2.806,00,,,,,,,,,,1.22%,2.806,00,34.29,10.374,78,2.061,07,3.007,67,9%,270%,0.33%,1.66%,0.45%,37.78%,37.78%,0,1.14%,-11.43%,,,,,,,,,,,,
,,,,,,,,,,,,,,,,,,2020,2/4/2020,2.836,00,,,,,,,,,,1.21%,2.836,00,34.29,10.374,78,2.061,07,3.007,67,9%,266%,0.33%,1.66%,0.44%,36.32%,36.32%,0,1.14%,-10.48%,,,,,,,,,,,,
,,,,,,,,,,,,,,,,,,2020,2/5/2020,2.840,00,,,,,,,,,,1.21%,2.840,00,34.29,10.374,78,2.061,07,3.007,67,9%,265%,0.33%,1.66%,0.44%,36.13%,36.13%,0,1.14%,-10.35%,,,,,,,,,,,,
,,,,,,,,,,,,,,,,,,2020,2/6/2020,2.854,00,,,,,,,,,,1.20%,2.854,00,34.29,10.374,78,2.061,07,3.007,67,10%,264%,0.33%,1.66%,0.44%,35.46%,35.46%,0,1.14%,-9.91%,,,,,,,,,,,,
,,,,,,,,,,,,,,,,,,2020,2/7/2020,2.916,00,,,,,,,,,,1.18%,2.916,00,34.29,10.374,78,2.061,07,3.007,67,10%,256%,0.33%,1.66%,0.43%,32.58%,32.58%,0,1.14%,-7.95%,,,,,,,,,,,,
,,,,,,,,,,,,,,,,,,2020,2/10/2020,2.906,00,,,,,,,,,,1.18%,2.906,00,34.29,10.374,78,2.061,07,3.007,67,10%,257%,0.33%,1.66%,0.43%,33.04%,33.04%,0,1.14%,-8.27%,,,,,,,,,,,,
,,,,,,,,,,,,,,,,,,2020,2/11/2020,2.918,00,,,,,,,,,,1.18%,2.918,00,34.29,10.374,78,2.061,07,3.007,67,10%,256%,0.33%,1.66%,0.43%,32.49%,32.49%,0,1.14%,-7.89%,,,,,,,,,,,,
,,,,,,,,,,,,,,,,,,2020,2/12/2020,2.900,00,,,,,,,,,,1.18%,2.900,00,34.29,10.374,78,2.061,07,3.007,67,10%,258%,0.33%,1.66%,0.43%,33.31%,33.31%,0,1.14%,-8.46%,,,,,,,,,,,,
,,,,,,,,,,,,,,,,,,2020,2/13/2020,2.842,00,,,,,,,,,,1.21%,2.842,00,34.29,10.374,78,2.061,07,3.007,67,9%,265%,0.33%,1.66%,0.44%,36.03%,36.03%,0,1.14%,-10.29%,,,,,,,,,,,,
,,,,,,,,,,,,,,,,,,2020,2/14/2020,2.832,00,,,,,,,,,,1.21%,2.832,00,34.29,10.374,78,2.061,07,3.007,67,9%,266%,0.33%,1.66%,0.44%,36.51%,36.51%,0,1.14%,-10.61%,,,,,,,,,,,,
,,,,,,,,,,,,,,,,,,2020,2/17/2020,2.836,00,,,,,,,,,,1.21%,2.836,00,34.29,10.374,78,2.061,07,3.007,67,9%,266%,0.33%,1.66%,0.44%,36.32%,36.32%,0,1.14%,-10.48%,,,,,,,,,,,,
,,,,,,,,,,,,,,,,,,2020,2/18/2020,2.826,00,,,,,,,,,,1.21%,2.826,00,34.29,10.374,78,2.061,07,3.007,67,9%,267%,0.33%,1.66%,0.44%,36.80%,36.80%,0,1.14%,-10.80%,,,,,,,,,,,,
,,,,,,,,,,,,,,,,,,2020,2/19/2020,2.830,00,,,,,,,,,,1.21%,2.830,00,34.29,10.374,78,2.061,07,3.007,67,9%,267%,0.33%,1.66%,0.44%,36.61%,36.61%,0,1.14%,-10.67%,,,,,,,,,,,,
,,,,,,,,,,,,,,,,,,2020,2/20/2020,2.838,00,,,,,,,,,,1.21%,2.838,00,34.29,10.374,78,2.061,07,3.007,67,9%,266%,0.33%,1.66%,0.44%,36.22%,36.22%,0,1.14%,-10.42%,,,,,,,,,,,,
,,,,,,,,,,,,,,,,,,2020,2/21/2020,2.800,00,,,,,,,,,,1.22%,2.800,00,34.29,10.374,78,2.061,07,3.007,67,9%,271%,0.33%,1.66%,0.45%,38.07%,38.07%,0,1.14%,-11.62%,,,,,,,,,,,,
,,,,,,,,,,,,,,,,,,2020,2/24/2020,2.784,00,,,,,,,,,,1.23%,2.784,00,34.29,10.374,78,2.061,07,3.007,67,9%,273%,0.33%,1.66%,0.45%,38.86%,38.86%,0,1.14%,-12.12%,,,,,,,,,,,,
,,,,,,,,,,,,,,,,,,2020,2/25/2020,2.774,00,,,,,,,,,,1.24%,2.774,00,34.29,10.374,78,2.061,07,3.007,67,9%,274%,0.33%,1.66%,0.45%,39.37%,39.37%,0,1.14%,-12.44%,,,,,,,,,,,,
,,,,,,,,,,,,,,,,,,2020,2/26/2020,2.758,00,,,,,,,,,,1.24%,2.758,00,34.29,10.374,78,2.061,07,3.007,67,8%,276%,0.33%,1.66%,0.45%,40.17%,40.17%,0,1.14%,-12.94%,,,,,,,,,,,,
,,,,,,,,,,,,,,,,,,2020,2/27/2020,2.670,00,,,,,,,,,,1.28%,2.670,00,34.29,10.374,78,2.061,07,3.007,67,7%,289%,0.33%,1.66%,0.47%,44.79%,44.79%,0,1.14%,-15.72%,,,,,,,,,,,,
,,,,,,,,,,,,,,,,,,2020,2/28/2020,2.646,00,,,,,,,,,,1.30%,2.646,00,34.29,10.374,78,2.061,07,3.007,67,7%,292%,0.33%,1.66%,0.47%,46.11%,46.11%,0,1.14%,-16.48%,,,,,,,,,,,,
,,,,,,,,,,,,,,,,,,2020,3/2/2020,2.656,00,,,,,,,,,,1.29%,2.656,00,34.29,10.374,78,2.061,07,3.007,67,7%,291%,0.33%,1.66%,0.47%,45.56%,45.56%,0,1.14%,-16.16%,,,,,,,,,,,,
,,,,,,,,,,,,,,,,,,2020,3/3/2020,2.710,00,,,,,,,,,,1.27%,2.710,00,34.29,10.374,78,2.061,07,3.007,67,8%,283%,0.33%,1.66%,0.46%,42.66%,42.66%,0,1.14%,-14.46%,,,,,,,,,,,,
,,,,,,,,,,,,,,,,,,2020,3/4/2020,2.786,00,,,,,,,,,,1.23%,2.786,00,34.29,10.374,78,2.061,07,3.007,67,9%,272%,0.33%,1.66%,0.45%,38.77%,38.77%,0,1.14%,-12.06%,,,,,,,,,,,,
,,,,,,,,,,,,,,,,,,2020,3/5/2020,2.830,00,,,,,,,,,,1.21%,2.830,00,34.29,10.374,78,2.061,07,3.007,67,9%,267%,0.33%,1.66%,0.44%,36.61%,36.61%,0,1.14%,-10.67%,,,,,,,,,,,,
,,,,,,,,,,,,,,,,,,2020,3/6/2020,2.672,00,,,,,,,,,,1.28%,2.672,00,34.29,10.374,78,2.061,07,3.007,67,7%,288%,0.33%,1.66%,0.47%,44.69%,44.69%,0,1.14%,-15.66%,,,,,,,,,,,,
,,,,,,,,,,,,,,,,,,2020,3/9/2020,2.550,00,,,,,,,,,,1.34%,2.550,00,34.29,10.374,78,2.061,07,3.007,67,6%,307%,0.33%,1.66%,0.49%,51.61%,51.61%,0,1.14%,-19.51%,,,,,,,,,,,,
,,,,,,,,,,,,,,,,,,2020,3/10/2020,2.540,00,,,,,,,,,,1.35%,2.540,00,34.29,10.374,78,2.061,07,3.007,67,6%,308%,0.33%,1.66%,0.49%,52.20%,52.20%,0,1.14%,-19.82%,,,,,,,,,,,,
,,,,,,,,,,,,,,,,,,2020,3/11/2020,2.472,00,,,,,,,,,,1.39%,2.472,00,34.29,10.374,78,2.061,07,3.007,67,5%,320%,0.33%,1.66%,0.51%,56.39%,56.39%,0,1.14%,-21.97%,,,,,,,,,,,,
,,,,,,,,,,,,,,,,,,2020,3/12/2020,2.320,00,,,,,,,,,,1.48%,2.320,00,34.29,10.374,78,2.061,07,3.007,67,3%,347%,0.33%,1.66%,0.54%,66.64%,66.64%,0,1.14%,-26.77%,,,,,,,,,,,,
,,,,,,,,,,,,,,,,,,2020,3/13/2020,2.232,00,,,,,,,,,,1.54%,2.232,00,34.29,10.374,78,2.061,07,3.007,67,2%,365%,0.33%,1.66%,0.56%,73.21%,73.21%,0,1.14%,-29.55%,,,,,,,,,,,,
,,,,,,,,,,,,,,,,,,2020,3/16/2020,2.168,00,,,,,,,,,,1.58%,2.168,00,34.29,10.374,78,2.061,07,3.007,67,1%,379%,0.33%,1.66%,0.58%,78.32%,78.32%,0,1.14%,-31.57%,,,,,,,,,,,,
,,,,,,,,,,,,,,,,,,2020,3/17/2020,2.228,00,,,,,,,,,,1.54%,2.228,00,34.29,10.374,78,2.061,07,3.007,67,2%,366%,0.33%,1.66%,0.56%,73.52%,73.52%,0,1.14%,-29.67%,,,,,,,,,,,,
,,,,,,,,,,,,,,,,,,2020,3/18/2020,2.312,00,,,,,,,,,,1.48%,2.312,00,34.29,10.374,78,2.061,07,3.007,67,3%,349%,0.33%,1.66%,0.54%,67.21%,67.21%,0,1.14%,-27.02%,,,,,,,,,,,,
,,,,,,,,,,,,,,,,,,2020,3/19/2020,2.386,00,,,,,,,,,,1.44%,2.386,00,34.29,10.374,78,2.061,07,3.007,67,4%,335%,0.33%,1.66%,0.52%,62.03%,62.03%,0,1.14%,-24.68%,,,,,,,,,,,,
,,,,,,,,,,,,,,,,,,2020,3/20/2020,2.424,00,,,,,,,,,,1.41%,2.424,00,34.29,10.374,78,2.061,07,3.007,67,4%,328%,0.33%,1.66%,0.52%,59.49%,59.49%,0,1.14%,-23.48%,,,,,,,,,,,,
,,,,,,,,,,,,,,,,,,2020,3/23/2020,2.400,00,,,,,,,,,,1.43%,2.400,00,34.29,10.374,78,2.061,07,3.007,67,4%,332%,0.33%,1.66%,0.52%,61.08%,61.08%,0,1.14%,-24.24%,,,,,,,,,,,,
,,,,,,,,,,,,,,,,,,2020,3/24/2020,2.430,00,,,,,,,,,,1.41%,2.430,00,34.29,10.374,78,2.061,07,3.007,67,4%,327%,0.33%,1.66%,0.51%,59.09%,59.09%,0,1.14%,-23.30%,,,,,,,,,,,,
,,,,,,,,,,,,,,,,,,2020,3/25/2020,2.390,00,,,,,,,,,,1.43%,2.390,00,34.29,10.374,78,2.061,07,3.007,67,4%,334%,0.33%,1.66%,0.52%,61.76%,61.76%,0,1.14%,-24.56%,,,,,,,,,,,,
,,,,,,,,,,,,,,,,,,2020,3/26/2020,2.346,00,,,,,,,,,,1.46%,2.346,00,34.29,10.374,78,2.061,07,3.007,67,3%,342%,0.33%,1.66%,0.53%,64.79%,64.79%,0,1.14%,-25.95%,,,,,,,,,,,,
,,,,,,,,,,,,,,,,,,2020,3/27/2020,2.336,00,,,,,,,,,,1.47%,2.336,00,34.29,10.374,78,2.061,07,3.007,67,3%,344%,0.33%,1.66%,0.54%,65.50%,65.50%,0,1.14%,-26.26%,,,,,,,,,,,,
,,,,,,,,,,,,,,,,,,2020,3/30/2020,2.298,00,,,,,,,,,,1.49%,2.298,00,34.29,10.374,78,2.061,07,3.007,67,3%,351%,0.33%,1.66%,0.54%,68.23%,68.23%,0,1.14%,-27.46%,,,,,,,,,,,,
,,,,,,,,,,,,,,,,,,2020,3/31/2020,2.352,00,,,,,,,,,,1.46%,2.352,00,34.29,10.374,78,2.061,07,3.007,67,3%,341%,0.33%,1.66%,0.53%,64.37%,64.37%,0,1.14%,-25.76%,,,,,,,,,,,,
,,,,,,,,,,,,,,,,,,2020,4/1/2020,2.334,00,,,,,,,,,,1.47%,2.334,00,34.29,10.374,78,2.061,07,3.007,67,3%,345%,0.33%,1.66%,0.54%,65.64%,65.64%,0,1.14%,-26.33%,,,,,,,,,,,,
,,,,,,,,,,,,,,,,,,2020,4/2/2020,2.486,00,,,,,,,,,,1.38%,2.486,00,34.29,10.374,78,2.061,07,3.007,67,5%,317%,0.33%,1.66%,0.50%,55.51%,55.51%,0,1.14%,-21.53%,,,,,,,,,,,,
,,,,,,,,,,,,,,,,,,2020,4/3/2020,2.392,00,,,,,,,,,,1.43%,2.392,00,34.29,10.374,78,2.061,07,3.007,67,4%,334%,0.33%,1.66%,0.52%,61.62%,61.62%,0,1.14%,-24.49%,,,,,,,,,,,,
,,,,,,,,,,,,,,,,,,2020,4/6/2020,2.430,00,,,,,,,,,,1.41%,2.430,00,34.29,10.374,78,2.061,07,3.007,67,4%,327%,0.33%,1.66%,0.51%,59.09%,59.09%,0,1.14%,-23.30%,,,,,,,,,,,,
,,,,,,,,,,,,,,,,,,2020,4/7/2020,2.474,00,,,,,,,,,,1.39%,2.474,00,34.29,10.374,78,2.061,07,3.007,67,5%,319%,0.33%,1.66%,0.51%,56.27%,56.27%,0,1.14%,-21.91%,,,,,,,,,,,,
,,,,,,,,,,,,,,,,,,2020,4/8/2020,2.536,00,,,,,,,,,,1.35%,2.536,00,34.29,10.374,78,2.061,07,3.007,67,6%,309%,0.33%,1.66%,0.49%,52.44%,52.44%,0,1.14%,-19.95%,,,,,,,,,,,,
,,,,,,,,,,,,,,,,,,2020,4/9/2020,2.610,00,,,,,,,,,,1.31%,2.610,00,34.29,10.374,78,2.061,07,3.007,67,7%,298%,0.33%,1.66%,0.48%,48.12%,48.12%,0,1.14%,-17.61%,,,,,,,,,,,,
,,,,,,,,,,,,,,,,,,2020,4/14/2020,2.666,00,,,,,,,,,,1.29%,2.666,00,34.29,10.374,78,2.061,07,3.007,67,7%,289%,0.33%,1.66%,0.47%,45.01%,45.01%,0,1.14%,-15.85%,,,,,,,,,,,,
,,,,,,,,,,,,,,,,,,2020,4/15/2020,2.634,00,,,,,,,,,,1.30%,2.634,00,34.29,10.374,78,2.061,07,3.007,67,7%,294%,0.33%,1.66%,0.47%,46.77%,46.77%,0,1.14%,-16.86%,,,,,,,,,,,,
,,,,,,,,,,,,,,,,,,2020,4/16/2020,2.634,00,,,,,,,,,,1.30%,2.634,00,34.29,10.374,78,2.061,07,3.007,67,7%,294%,0.33%,1.66%,0.47%,46.77%,46.77%,0,1.14%,-16.86%,,,,,,,,,,,,
,,,,,,,,,,,,,,,,,,2020,4/17/2020,2.686,00,,,,,,,,,,1.28%,2.686,00,34.29,10.374,78,2.061,07,3.007,67,8%,286%,0.33%,1.66%,0.47%,43.93%,43.93%,0,1.14%,-15.21%,,,,,,,,,,,,
,,,,,,,,,,,,,,,,,,2020,4/20/2020,2.740,00,,,,,,,,,,1.25%,2.740,00,34.29,10.374,78,2.061,07,3.007,67,8%,279%,0.33%,1.66%,0.46%,41.09%,41.09%,0,1.14%,-13.51%,,,,,,,,,,,,
,,,,,,,,,,,,,,,,,,2020,4/21/2020,2.716,00,,,,,,,,,,1.26%,2.716,00,34.29,10.374,78,2.061,07,3.007,67,8%,282%,0.33%,1.66%,0.46%,42.34%,42.34%,0,1.14%,-14.27%,,,,,,,,,,,,
,,,,,,,,,,,,,,,,,,2020,4/22/2020,2.732,00,,,,,,,,,,1.26%,2.732,00,34.29,10.374,78,2.061,07,3.007,67,8%,280%,0.33%,1.66%,0.46%,41.51%,41.51%,0,1.14%,-13.76%,,,,,,,,,,,,
,,,,,,,,,,,,,,,,,,2020,4/23/2020,2.708,00,,,,,,,,,,1.27%,2.708,00,34.29,10.374,78,2.061,07,3.007,67,8%,283%,0.33%,1.66%,0.46%,42.76%,42.76%,0,1.14%,-14.52%,,,,,,,,,,,,
,,,,,,,,,,,,,,,,,,2020,4/24/2020,2.720,00,,,,,,,,,,1.26%,2.720,00,34.29,10.374,78,2.061,07,3.007,67,8%,281%,0.33%,1.66%,0.46%,42.13%,42.13%,0,1.14%,-14.14%,,,,,,,,,,,,
,,,,,,,,,,,,,,,,,,2020,4/27/2020,2.698,00,,,,,,,,,,1.27%,2.698,00,34.29,10.374,78,2.061,07,3.007,67,8%,285%,0.33%,1.66%,0.46%,43.29%,43.29%,0,1.14%,-14.84%,,,,,,,,,,,,
,,,,,,,,,,,,,,,,,,2020,4/28/2020,2.678,00,,,,,,,,,,1.28%,2.678,00,34.29,10.374,78,2.061,07,3.007,67,7%,287%,0.33%,1.66%,0.47%,44.36%,44.36%,0,1.14%,-15.47%,,,,,,,,,,,,
,,,,,,,,,,,,,,,,,,2020,4/29/2020,2.712,00,,,,,,,,,,1.26%,2.712,00,34.29,10.374,78,2.061,07,3.007,67,8%,283%,0.33%,1.66%,0.46%,42.55%,42.55%,0,1.14%,-14.39%,,,,,,,,,,,,
,,,,,,,,,,,,,,,,,,2020,4/30/2020,2.770,00,,,,,,,,,,1.24%,2.770,00,34.29,10.374,78,2.061,07,3.007,67,9%,275%,0.33%,1.66%,0.45%,39.57%,39.57%,0,1.14%,-12.56%,,,,,,,,,,,,
,,,,,,,,,,,,,,,,,,2020,5/1/2020,2.700,00,,,,,,,,,,1.27%,2.700,00,34.29,10.374,78,2.061,07,3.007,67,8%,284%,0.33%,1.66%,0.46%,43.19%,43.19%,0,1.14%,-14.77%,,,,,,,,,,,,
,,,,,,,,,,,,,,,,,,2020,5/4/2020,2.788,00,,,,,,,,,,1.23%,2.788,00,34.29,10.374,78,2.061,07,3.007,67,9%,272%,0.33%,1.66%,0.45%,38.67%,38.67%,0,1.14%,-11.99%,,,,,,,,,,,,
,,,,,,,,,,,,,,,,,,2020,5/5/2020,2.836,00,,,,,,,,,,1.21%,2.836,00,34.29,10.374,78,2.061,07,3.007,67,9%,266%,0.33%,1.66%,0.44%,36.32%,36.32%,0,1.14%,-10.48%,,,,,,,,,,,,
,,,,,,,,,,,,,,,,,,2020,5/6/2020,2.874,00,,,,,,,,,,1.19%,2.874,00,34.29,10.374,78,2.061,07,3.007,67,10%,261%,0.33%,1.66%,0.43%,34.52%,34.52%,0,1.14%,-9.28%,,,,,,,,,,,,
,,,,,,,,,,,,,,,,,,2020,5/7/2020,2.802,00,,,,,,,,,,1.22%,2.802,00,34.29,10.374,78,2.061,07,3.007,67,9%,270%,0.33%,1.66%,0.45%,37.97%,37.97%,0,1.14%,-11.55%,,,,,,,,,,,,
,,,,,,,,,,,,,,,,,,2020,5/8/2020,,,,,,,,,,,1.22%,2.802,00,34.29,10.374,78,2.061,07,3.007,67,9%,270%,0.33%,1.66%,0.45%,37.97%,37.97%,0,1.14%,-11.55%,,,,,,,,,,,,
,,,,,,,,,,,,,,,,,,2020,5/11/2020,2.936,00,,,,,,,,,,1.17%,2.936,00,34.29,10.374,78,2.061,07,3.007,67,11%,253%,0.33%,1.66%,0.43%,31.68%,31.68%,0,1.14%,-7.32%,,,,,,,,,,,,
,,,,,,,,,,,,,,,,,,2020,5/12/2020,2.886,00,,,,,,,,,,1.19%,2.886,00,34.29,10.374,78,2.061,07,3.007,67,10%,259%,0.33%,1.66%,0.43%,33.96%,33.96%,0,1.14%,-8.90%,,,,,,,,,,,,
,,,,,,,,,,,,,,,,,,2020,5/13/2020,2.836,00,,,,,,,,,,1.21%,2.836,00,34.29,10.374,78,2.061,07,3.007,67,9%,266%,0.33%,1.66%,0.44%,36.32%,36.32%,0,1.14%,-10.48%,,,,,,,,,,,,
,,,,,,,,,,,,,,,,,,2020,5/14/2020,2.726,00,,,,,,,,,,1.26%,2.726,00,34.29,10.374,78,2.061,07,3.007,67,8%,281%,0.33%,1.66%,0.46%,41.82%,41.82%,0,1.14%,-13.95%,,,,,,,,,,,,
,,,,,,,,,,,,,,,,,,2020,5/15/2020,2.718,00,,,,,,,,,,1.26%,2.718,00,34.29,10.374,78,2.061,07,3.007,67,8%,282%,0.33%,1.66%,0.46%,42.24%,42.24%,0,1.14%,-14.20%,,,,,,,,,,,,
,,,,,,,,,,,,,,,,,,2020,5/18/2020,2.822,00,,,,,,,,,,1.22%,2.822,00,34.29,10.374,78,2.061,07,3.007,67,9%,268%,0.33%,1.66%,0.44%,37.00%,37.00%,0,1.14%,-10.92%,,,,,,,,,,,,
,,,,,,,,,,,,,,,,,,2020,5/19/2020,2.786,00,,,,,,,,,,1.23%,2.786,00,34.29,10.374,78,2.061,07,3.007,67,9%,272%,0.33%,1.66%,0.45%,38.77%,38.77%,0,1.14%,-12.06%,,,,,,,,,,,,
,,,,,,,,,,,,,,,,,,2020,5/20/2020,2.806,00,,,,,,,,,,1.22%,2.806,00,34.29,10.374,78,2.061,07,3.007,67,9%,270%,0.33%,1.66%,0.45%,37.78%,37.78%,0,1.14%,-11.43%,,,,,,,,,,,,
,,,,,,,,,,,,,,,,,,2020,5/21/2020,2.824,00,,,,,,,,,,1.21%,2.824,00,34.29,10.374,78,2.061,07,3.007,67,9%,267%,0.33%,1.66%,0.44%,36.90%,36.90%,0,1.14%,-10.86%,,,,,,,,,,,,
,,,,,,,,,,,,,,,,,,2020,5/22/2020,2.840,00,,,,,,,,,,1.21%,2.840,00,34.29,10.374,78,2.061,07,3.007,67,9%,265%,0.33%,1.66%,0.44%,36.13%,36.13%,0,1.14%,-10.35%,,,,,,,,,,,,
,,,,,,,,,,,,,,,,,,2020,5/25/2020,,,,,,,,,,,1.21%,2.840,00,34.29,10.374,78,2.061,07,3.007,67,9%,265%,0.33%,1.66%,0.44%,36.13%,36.13%,0,1.14%,-10.35%,,,,,,,,,,,,
,,,,,,,,,,,,,,,,,,2020,5/26/2020,2.754,00,,,,,,,,,,1.25%,2.754,00,34.29,10.374,78,2.061,07,3.007,67,8%,277%,0.33%,1.66%,0.45%,40.38%,40.38%,0,1.14%,-13.07%,,,,,,,,,,,,
,,,,,,,,,,,,,,,,,,2020,5/27/2020,2.782,00,,,,,,,,,,1.23%,2.782,00,34.29,10.374,78,2.061,07,3.007,67,9%,273%,0.33%,1.66%,0.45%,38.96%,38.96%,0,1.14%,-12.18%,,,,,,,,,,,,
,,,,,,,,,,,,,,,,,,2020,5/28/2020,2.800,00,,,,,,,,,,1.22%,2.800,00,34.29,10.374,78,2.061,07,3.007,67,9%,271%,0.33%,1.66%,0.45%,38.07%,38.07%,0,1.14%,-11.62%,,,,,,,,,,,,
,,,,,,,,,,,,,,,,,,2020,5/29/2020,2.782,00,,,,,,,,,,1.23%,2.782,00,34.29,10.374,78,2.061,07,3.007,67,9%,273%,0.33%,1.66%,0.45%,38.96%,38.96%,0,1.14%,-12.18%,,,,,,,,,,,,
,,,,,,,,,,,,,,,,,,2020,6/1/2020,2.786,00,,,,,,,,,,1.23%,2.786,00,34.29,10.374,78,2.061,07,3.007,67,9%,272%,0.33%,1.66%,0.45%,38.77%,38.77%,0,1.14%,-12.06%,,,,,,,,,,,,
,,,,,,,,,,,,,,,,,,2020,6/2/2020,2.730,00,,,,,,,,,,1.26%,2.730,00,34.29,10.374,78,2.061,07,3.007,67,8%,280%,0.33%,1.66%,0.46%,41.61%,41.61%,0,1.14%,-13.83%,,,,,,,,,,,,
,,,,,,,,,,,,,,,,,,2020,6/3/2020,2.746,00,,,,,,,,,,1.25%,2.746,00,34.29,10.374,78,2.061,07,3.007,67,8%,278%,0.33%,1.66%,0.46%,40.79%,40.79%,0,1.14%,-13.32%,,,,,,,,,,,,
,,,,,,,,,,,,,,,,,,2020,6/4/2020,2.774,00,,,,,,,,,,1.24%,2.774,00,34.29,10.374,78,2.061,07,3.007,67,9%,274%,0.33%,1.66%,0.45%,39.37%,39.37%,0,1.14%,-12.44%,,,,,,,,,,,,
,,,,,,,,,,,,,,,,,,2020,6/5/2020,2.864,00,,,,,,,,,,1.20%,2.864,00,34.29,10.374,78,2.061,07,3.007,67,10%,262%,0.33%,1.66%,0.44%,34.99%,34.99%,0,1.14%,-9.60%,,,,,,,,,,,,
,,,,,,,,,,,,,,,,,,2020,6/8/2020,2.838,00,,,,,,,,,,1.21%,2.838,00,34.29,10.374,78,2.061,07,3.007,67,9%,266%,0.33%,1.66%,0.44%,36.22%,36.22%,0,1.14%,-10.42%,,,,,,,,,,,,
,,,,,,,,,,,,,,,,,,2020,6/9/2020,2.794,00,,,,,,,,,,1.23%,2.794,00,34.29,10.374,78,2.061,07,3.007,67,9%,271%,0.33%,1.66%,0.45%,38.37%,38.37%,0,1.14%,-11.81%,,,,,,,,,,,,
,,,,,,,,,,,,,,,,,,2020,6/10/2020,2.752,00,,,,,,,,,,1.25%,2.752,00,34.29,10.374,78,2.061,07,3.007,67,8%,277%,0.33%,1.66%,0.45%,40.48%,40.48%,0,1.14%,-13.13%,,,,,,,,,,,,
,,,,,,,,,,,,,,,,,,2020,6/11/2020,2.622,00,,,,,,,,,,1.31%,2.622,00,34.29,10.374,78,2.061,07,3.007,67,7%,296%,0.33%,1.66%,0.48%,47.44%,47.44%,0,1.14%,-17.23%,,,,,,,,,,,,
,,,,,,,,,,,,,,,,,,2020,6/12/2020,2.732,00,,,,,,,,,,1.26%,2.732,00,34.29,10.374,78,2.061,07,3.007,67,8%,280%,0.33%,1.66%,0.46%,41.51%,41.51%,0,1.14%,-13.76%,,,,,,,,,,,,
,,,,,,,,,,,,,,,,,,2020,6/15/2020,2.710,00,,,,,,,,,,1.27%,2.710,00,34.29,10.374,78,2.061,07,3.007,67,8%,283%,0.33%,1.66%,0.46%,42.66%,42.66%,0,1.14%,-14.46%,,,,,,,,,,,,
,,,,,,,,,,,,,,,,,,2020,6/16/2020,2.716,00,,,,,,,,,,1.26%,2.716,00,34.29,10.374,78,2.061,07,3.007,67,8%,282%,0.33%,1.66%,0.46%,42.34%,42.34%,0,1.14%,-14.27%,,,,,,,,,,,,
,,,,,,,,,,,,,,,,,,2020,6/17/2020,2.802,00,,,,,,,,,,1.22%,2.802,00,34.29,10.374,78,2.061,07,3.007,67,9%,270%,0.33%,1.66%,0.45%,37.97%,37.97%,0,1.14%,-11.55%,,,,,,,,,,,,
,,,,,,,,,,,,,,,,,,2020,6/18/2020,2.796,00,,,,,,,,,,1.23%,2.796,00,34.29,10.374,78,2.061,07,3.007,67,9%,271%,0.33%,1.66%,0.45%,38.27%,38.27%,0,1.14%,-11.74%,,,,,,,,,,,,
,,,,,,,,,,,,,,,,,,2020,6/19/2020,2.782,00,,,,,,,,,,1.23%,2.782,00,34.29,10.374,78,2.061,07,3.007,67,9%,273%,0.33%,1.66%,0.45%,38.96%,38.96%,0,1.14%,-12.18%,,,,,,,,,,,,
,,,,,,,,,,,,,,,,,,2020,6/22/2020,2.856,00,,,,,,,,,,1.20%,2.856,00,34.29,10.374,78,2.061,07,3.007,67,10%,263%,0.33%,1.66%,0.44%,35.36%,35.36%,0,1.14%,-9.85%,,,,,,,,,,,,
,,,,,,,,,,,,,,,,,,2020,6/23/2020,2.870,00,,,,,,,,,,1.19%,2.870,00,34.29,10.374,78,2.061,07,3.007,67,10%,261%,0.33%,1.66%,0.44%,34.70%,34.70%,0,1.14%,-9.41%,,,,,,,,,,,,
,,,,,,,,,,,,,,,,,,2020,6/24/2020,2.840,00,,,,,,,,,,1.21%,2.840,00,34.29,10.374,78,2.061,07,3.007,67,9%,265%,0.33%,1.66%,0.44%,36.13%,36.13%,0,1.14%,-10.35%,,,,,,,,,,,,
,,,,,,,,,,,,,,,,,,2020,6/25/2020,2.858,00,,,,,,,,,,1.20%,2.858,00,34.29,10.374,78,2.061,07,3.007,67,10%,263%,0.33%,1.66%,0.44%,35.27%,35.27%,0,1.14%,-9.79%,,,,,,,,,,,,
,,,,,,,,,,,,,,,,,,2020,6/26/2020,2.926,00,,,,,,,,,,1.17%,2.926,00,34.29,10.374,78,2.061,07,3.007,67,10%,255%,0.33%,1.66%,0.43%,32.13%,32.13%,0,1.14%,-7.64%,,,,,,,,,,,,
,,,,,,,,,,,,,,,,,,2020,6/29/2020,2.872,00,,,,,,,,,,1.19%,2.872,00,34.29,10.374,78,2.061,07,3.007,67,10%,261%,0.33%,1.66%,0.44%,34.61%,34.61%,0,1.14%,-9.34%,,,,,,,,,,,,
,,,,,,,,,,,,,,,,,,2020,6/30/2020,2.846,00,,,,,,,,,,1.20%,2.846,00,34.29,10.374,78,2.061,07,3.007,67,9%,265%,0.33%,1.66%,0.44%,35.84%,35.84%,0,1.14%,-10.16%,,,,,,,,,,,,
,,,,,,,,,,,,,,,,,,2020,7/1/2020,2.904,00,,,,,,,,,,1.18%,2.904,00,34.29,10.374,78,2.061,07,3.007,67,10%,257%,0.33%,1.66%,0.43%,33.13%,33.13%,0,1.14%,-8.33%,,,,,,,,,,,,
,,,,,,,,,,,,,,,,,,2020,7/2/2020,2.902,00,,,,,,,,,,1.18%,2.902,00,34.29,10.374,78,2.061,07,3.007,67,10%,258%,0.33%,1.66%,0.43%,33.22%,33.22%,0,1.14%,-8.40%,,,,,,,,,,,,
,,,,,,,,,,,,,,,,,,2020,7/3/2020,2.890,00,,,,,,,,,,1.19%,2.890,00,34.29,10.374,78,2.061,07,3.007,67,10%,259%,0.33%,1.66%,0.43%,33.77%,33.77%,0,1.14%,-8.78%,,,,,,,,,,,,
,,,,,,,,,,,,,,,,,,2020,7/6/2020,2.932,00,,,,,,,,,,1.17%,2.932,00,34.29,10.374,78,2.061,07,3.007,67,10%,254%,0.33%,1.66%,0.43%,31.86%,31.86%,0,1.14%,-7.45%,,,,,,,,,,,,
,,,,,,,,,,,,,,,,,,2020,7/7/2020,2.926,00,,,,,,,,,,1.17%,2.926,00,34.29,10.374,78,2.061,07,3.007,67,10%,255%,0.33%,1.66%,0.43%,32.13%,32.13%,0,1.14%,-7.64%,,,,,,,,,,,,
,,,,,,,,,,,,,,,,,,2020,7/8/2020,2.918,00,,,,,,,,,,1.18%,2.918,00,34.29,10.374,78,2.061,07,3.007,67,10%,256%,0.33%,1.66%,0.43%,32.49%,32.49%,0,1.14%,-7.89%,,,,,,,,,,,,
,,,,,,,,,,,,,,,,,,2020,7/9/2020,2.914,00,,,,,,,,,,1.18%,2.914,00,34.29,10.374,78,2.061,07,3.007,67,10%,256%,0.33%,1.66%,0.43%,32.67%,32.67%,0,1.14%,-8.02%,,,,,,,,,,,,
,,,,,,,,,,,,,,,,,,2020,7/10/2020,2.900,00,,,,,,,,,,1.18%,2.900,00,34.29,10.374,78,2.061,07,3.007,67,10%,258%,0.33%,1.66%,0.43%,33.31%,33.31%,0,1.14%,-8.46%,,,,,,,,,,,,
,,,,,,,,,,,,,,,,,,2020,7/13/2020,2.926,00,,,,,,,,,,1.17%,2.926,00,34.29,10.374,78,2.061,07,3.007,67,10%,255%,0.33%,1.66%,0.43%,32.13%,32.13%,0,1.14%,-7.64%,,,,,,,,,,,,
,,,,,,,,,,,,,,,,,,2020,7/14/2020,2.940,00,,,,,,,,,,1.17%,2.940,00,34.29,10.374,78,2.061,07,3.007,67,11%,253%,0.33%,1.66%,0.43%,31.50%,31.50%,0,1.14%,-7.20%,,,,,,,,,,,,
,,,,,,,,,,,,,,,,,,2020,7/15/2020,2.996,00,,,,,,,,,,1.14%,2.996,00,34.29,10.374,78,2.061,07,3.007,67,11%,246%,0.33%,1.66%,0.42%,29.04%,29.04%,0,1.14%,-5.43%,,,,,,,,,,,,
,,,,,,,,,,,,,,,,,,2020,7/16/2020,2.984,00,,,,,,,,,,1.15%,2.984,00,34.29,10.374,78,2.061,07,3.007,67,11%,248%,0.33%,1.66%,0.42%,29.56%,29.56%,0,1.14%,-5.81%,,,,,,,,,,,,
,,,,,,,,,,,,,,,,,,2020,7/17/2020,2.996,00,,,,,,,,,,1.14%,2.996,00,34.29,10.374,78,2.061,07,3.007,67,11%,246%,0.33%,1.66%,0.42%,29.04%,29.04%,0,1.14%,-5.43%,,,,,,,,,,,,
,,,,,,,,,,,,,,,,,,2020,7/20/2020,3.006,00,,,,,,,,,,1.14%,3.006,00,34.29,10.374,78,2.061,07,3.007,67,11%,245%,0.33%,1.66%,0.42%,28.61%,28.61%,0,1.14%,-5.11%,,,,,,,,,,,,
,,,,,,,,,,,,,,,,,,2020,7/21/2020,3.016,00,,,,,,,,,,1.14%,3.016,00,34.29,10.374,78,2.061,07,3.007,67,11%,244%,0.33%,1.66%,0.41%,28.18%,28.18%,0,1.14%,-4.80%,,,,,,,,,,,,
,,,,,,,,,,,,,,,,,,2020,7/22/2020,2.972,00,,,,,,,,,,1.15%,2.972,00,34.29,10.374,78,2.061,07,3.007,67,11%,249%,0.33%,1.66%,0.42%,30.08%,30.08%,0,1.14%,-6.19%,,,,,,,,,,,,
,,,,,,,,,,,,,,,,,,2020,7/23/2020,2.992,00,,,,,,,,,,1.15%,2.992,00,34.29,10.374,78,2.061,07,3.007,67,11%,247%,0.33%,1.66%,0.42%,29.21%,29.21%,0,1.14%,-5.56%,,,,,,,,,,,,
,,,,,,,,,,,,,,,,,,2020,7/24/2020,2.958,00,,,,,,,,,,1.16%,2.958,00,34.29,10.374,78,2.061,07,3.007,67,11%,251%,0.33%,1.66%,0.42%,30.70%,30.70%,0,1.14%,-6.63%,,,,,,,,,,,,
,,,,,,,,,,,,,,,,,,2020,7/27/2020,2.960,00,,,,,,,,,,1.16%,2.960,00,34.29,10.374,78,2.061,07,3.007,67,11%,250%,0.33%,1.66%,0.42%,30.61%,30.61%,0,1.14%,-6.57%,,,,,,,,,,,,
,,,,,,,,,,,,,,,,,,2020,7/28/2020,2.922,00,,,,,,,,,,1.17%,2.922,00,34.29,10.374,78,2.061,07,3.007,67,10%,255%,0.33%,1.66%,0.43%,32.31%,32.31%,0,1.14%,-7.77%,,,,,,,,,,,,
,,,,,,,,,,,,,,,,,,2020,7/29/2020,2.900,00,,,,,,,,,,1.18%,2.900,00,34.29,10.374,78,2.061,07,3.007,67,10%,258%,0.33%,1.66%,0.43%,33.31%,33.31%,0,1.14%,-8.46%,,,,,,,,,,,,
,,,,,,,,,,,,,,,,,,2020,7/30/2020,2.886,00,,,,,,,,,,1.19%,2.886,00,34.29,10.374,78,2.061,07,3.007,67,10%,259%,0.33%,1.66%,0.43%,33.96%,33.96%,0,1.14%,-8.90%,,,,,,,,,,,,
,,,,,,,,,,,,,,,,,,2020,7/31/2020,2.856,00,,,,,,,,,,1.20%,2.856,00,34.29,10.374,78,2.061,07,3.007,67,10%,263%,0.33%,1.66%,0.44%,35.36%,35.36%,0,1.14%,-9.85%,,,,,,,,,,,,
,,,,,,,,,,,,,,,,,,2020,8/3/2020,2.942,00,,,,,,,,,,1.17%,2.942,00,34.29,10.374,78,2.061,07,3.007,67,11%,253%,0.33%,1.66%,0.42%,31.41%,31.41%,0,1.14%,-7.13%,,,,,,,,,,,,
,,,,,,,,,,,,,,,,,,2020,8/4/2020,2.954,00,,,,,,,,,,1.16%,2.954,00,34.29,10.374,78,2.061,07,3.007,67,11%,251%,0.33%,1.66%,0.42%,30.87%,30.87%,0,1.14%,-6.76%,,,,,,,,,,,,
,,,,,,,,,,,,,,,,,,2020,8/5/2020,3.022,00,,,,,,,,,,1.13%,3.022,00,34.29,10.374,78,2.061,07,3.007,67,12%,243%,0.33%,1.66%,0.41%,27.93%,27.93%,0,1.14%,-4.61%,,,,,,,,,,,,
,,,,,,,,,,,,,,,,,,2020,8/6/2020,3.094,00,,,,,,,,,,1.11%,3.094,00,34.29,10.374,78,2.061,07,3.007,67,12%,235%,0.33%,1.66%,0.40%,24.95%,24.95%,0,1.14%,-2.34%,,,,,,,,,,,,
,,,,,,,,,,,,,,,,,,2020,8/7/2020,3.154,00,,,,,,,,,,1.09%,3.154,00,34.29,10.374,78,2.061,07,3.007,67,13%,229%,0.33%,1.66%,0.40%,22.57%,22.57%,0,1.14%,-0.44%,,,,,,,,,,,,
,,,,,,,,,,,,,,,,,,2020,8/10/2020,3.130,00,,,,,,,,,,1.10%,3.130,00,34.29,10.374,78,2.061,07,3.007,67,13%,231%,0.33%,1.66%,0.40%,23.51%,23.51%,0,1.14%,-1.20%,,,,,,,,,,,,
,,,,,,,,,,,,,,,,,,2020,8/11/2020,3.080,00,,,,,,,,,,1.11%,3.080,00,34.29,10.374,78,2.061,07,3.007,67,12%,237%,0.33%,1.66%,0.41%,25.52%,25.52%,0,1.14%,-2.78%,,,,,,,,,,,,
,,,,,,,,,,,,,,,,,,2020,8/12/2020,3.176,00,,,,,,,,,,1.08%,3.176,00,34.29,10.374,78,2.061,07,3.007,67,13%,227%,0.33%,1.66%,0.39%,21.73%,21.73%,0,1.14%,0.00%,,,,,,,,,,,,
,,,,,,,,,,,,,,,,,,2020,8/13/2020,3.176,00,,,,,,,,,,1.08%,3.176,00,34.29,10.374,78,2.061,07,3.007,67,13%,227%,0.33%,1.66%,0.39%,21.73%,21.73%,0,1.14%,0.00%,,,,,,,,,,,,
,,,,,,,,,,,,,,,,,,2020,8/14/2020,3.122,00,,,,,,,,,,1.10%,3.122,00,34.29,10.374,78,2.061,07,3.007,67,13%,232%,0.33%,1.66%,0.40%,23.83%,23.83%,0,1.14%,-1.70%,,,,,,,,,,,,
,,,,,,,,,,,,,,,,,,2020,8/17/2020,3.144,00,,,,,,,,,,1.09%,3.144,00,34.29,10.374,78,2.061,07,3.007,67,13%,230%,0.33%,1.66%,0.40%,22.96%,22.96%,0,1.14%,-1.01%,,,,,,,,,,,,
,,,,,,,,,,,,,,,,,,2020,8/18/2020,3.114,00,,,,,,,,,,1.10%,3.114,00,34.29,10.374,78,2.061,07,3.007,67,13%,233%,0.33%,1.66%,0.40%,24.15%,24.15%,0,1.14%,-1.95%,,,,,,,,,,,,
,,,,,,,,,,,,,,,,,,2020,8/19/2020,3.128,00,,,,,,,,,,1.10%,3.128,00,34.29,10.374,78,2.061,07,3.007,67,13%,232%,0.33%,1.66%,0.40%,23.59%,23.59%,0,1.14%,-1.51%,,,,,,,,,,,,
,,,,,,,,,,,,,,,,,,2020,8/20/2020,3.114,00,,,,,,,,,,1.10%,3.114,00,34.29,10.374,78,2.061,07,3.007,67,13%,233%,0.33%,1.66%,0.40%,24.15%,24.15%,0,1.14%,-1.95%,,,,,,,,,,,,
,,,,,,,,,,,,,,,,,,2020,8/21/2020,3.136,00,,,,,,,,,,1.09%,3.136,00,34.29,10.374,78,2.061,07,3.007,67,13%,231%,0.33%,1.66%,0.40%,23.28%,23.28%,0,1.14%,-1.26%,,,,,,,,,,,,
,,,,,,,,,,,,,,,,,,2020,8/24/2020,3.110,00,,,,,,,,,,1.10%,3.110,00,34.29,10.374,78,2.061,07,3.007,67,13%,234%,0.33%,1.66%,0.40%,24.31%,24.31%,0,1.14%,-2.08%,,,,,,,,,,,,
,,,,,,,,,,,,,,,,,,2020,8/25/2020,3.122,00,,,,,,,,,,1.10%,3.122,00,34.29,10.374,78,2.061,07,3.007,67,13%,232%,0.33%,1.66%,0.40%,23.83%,23.83%,0,1.14%,-1.70%,,,,,,,,,,,,
,,,,,,,,,,,,,,,,,,2020,8/26/2020,3.154,00,,,,,,,,,,1.09%,3.154,00,34.29,10.374,78,2.061,07,3.007,67,13%,229%,0.33%,1.66%,0.40%,22.57%,22.57%,0,1.14%,-0.69%,,,,,,,,,,,,
,,,,,,,,,,,,,,,,,,2020,8/27/2020,3.114,00,,,,,,,,,,1.10%,3.114,00,34.29,10.374,78,2.061,07,3.007,67,13%,233%,0.33%,1.66%,0.40%,24.15%,24.15%,0,1.14%,-1.95%,,,,,,,,,,,,
,,,,,,,,,,,,,,,,,,2020,8/28/2020,3.150,00,,,,,,,,,,1.09%,3.150,00,34.29,10.374,78,2.061,07,3.007,67,13%,229%,0.33%,1.66%,0.40%,22.73%,22.73%,0,1.14%,-0.82%,,,,,,,,,,,,
,,,,,,,,,,,,,,,,,,2020,8/31/2020,,,,,,,,,,,1.09%,3.150,00,34.29,10.374,78,2.061,07,3.007,67,13%,229%,0.33%,1.66%,0.40%,22.73%,22.73%,0,1.14%,-0.82%,,,,,,,,,,,,
,,,,,,,,,,,,,,,,,,2020,9/1/2020,3.138,00,,,,,,,,,,1.09%,3.138,00,34.29,10.374,78,2.061,07,3.007,67,13%,231%,0.33%,1.66%,0.40%,23.20%,23.20%,0,1.14%,-1.20%,,,,,,,,,,,,
,,,,,,,,,,,,,,,,,,2020,9/2/2020,3.214,00,,,,,,,,,,1.07%,3.214,00,34.29,10.374,78,2.061,07,3.007,67,14%,223%,0.33%,1.66%,0.39%,20.29%,20.29%,0,1.14%,0.00%,,,,,,,,,,,,
,,,,,,,,,,,,,,,,,,2020,9/3/2020,3.182,00,,,,,,,,,,1.08%,3.182,00,34.29,10.374,78,2.061,07,3.007,67,13%,226%,0.33%,1.66%,0.39%,21.50%,21.50%,0,1.14%,-1.00%,,,,,,,,,,,,
,,,,,,,,,,,,,,,,,,2020,9/4/2020,3.088,00,,,,,,,,,,1.11%,3.088,00,34.29,10.374,78,2.061,07,3.007,67,12%,236%,0.33%,1.66%,0.40%,25.19%,25.19%,0,1.14%,-3.92%,,,,,,,,,,,,
,,,,,,,,,,,,,,,,,,2020,9/7/2020,3.300,00,,,,,,,,,,1.04%,3.300,00,34.29,10.374,78,2.061,07,3.007,67,15%,214%,0.33%,1.66%,0.38%,17.15%,17.15%,0,1.14%,0.00%,,,,,,,,,,,,
,,,,,,,,,,,,,,,,,,2020,9/8/2020,3.238,00,,,,,,,,,,1.06%,3.238,00,34.29,10.374,78,2.061,07,3.007,67,14%,220%,0.33%,1.66%,0.39%,19.39%,19.39%,0,1.14%,-1.88%,,,,,,,,,,,,
,,,,,,,,,,,,,,,,,,2020,9/9/2020,3.328,00,,,,,,,,,,1.03%,3.328,00,34.29,10.374,78,2.061,07,3.007,67,15%,212%,0.33%,1.66%,0.38%,16.17%,16.17%,0,1.14%,0.00%,,,,,,,,,,,,
,,,,,,,,,,,,,,,,,,2020,9/10/2020,3.304,00,,,,,,,,,,1.04%,3.304,00,34.29,10.374,78,2.061,07,3.007,67,15%,214%,0.33%,1.66%,0.38%,17.01%,17.01%,0,1.14%,-0.72%,,,,,,,,,,,,
,,,,,,,,,,,,,,,,,,2020,9/11/2020,3.276,00,,,,,,,,,,1.05%,3.276,00,34.29,10.374,78,2.061,07,3.007,67,15%,217%,0.33%,1.66%,0.38%,18.01%,18.01%,0,1.14%,-1.56%,,,,,,,,,,,,
,,,,,,,,,,,,,,,,,,2020,9/14/2020,3.292,00,,,,,,,,,,1.04%,3.292,00,34.29,10.374,78,2.061,07,3.007,67,15%,215%,0.33%,1.66%,0.38%,17.44%,17.44%,0,1.14%,-1.08%,,,,,,,,,,,,
,,,,,,,,,,,,,,,,,,2020,9/15/2020,3.276,00,,,,,,,,,,1.05%,3.276,00,34.29,10.374,78,2.061,07,3.007,67,15%,217%,0.33%,1.66%,0.38%,18.01%,18.01%,0,1.14%,-1.56%,,,,,,,,,,,,
,,,,,,,,,,,,,,,,,,2020,9/16/2020,3.256,00,,,,,,,,,,1.05%,3.256,00,34.29,10.374,78,2.061,07,3.007,67,14%,219%,0.33%,1.66%,0.38%,18.73%,18.73%,0,1.14%,-2.16%,,,,,,,,,,,,
,,,,,,,,,,,,,,,,,,2020,9/17/2020,3.260,00,,,,,,,,,,1.05%,3.260,00,34.29,10.374,78,2.061,07,3.007,67,14%,218%,0.33%,1.66%,0.38%,18.59%,18.59%,0,1.14%,-2.04%,,,,,,,,,,,,
,,,,,,,,,,,,,,,,,,2020,9/18/2020,3.252,00,,,,,,,,,,1.05%,3.252,00,34.29,10.374,78,2.061,07,3.007,67,14%,219%,0.33%,1.66%,0.38%,18.88%,18.88%,0,1.14%,-2.28%,,,,,,,,,,,,
,,,,,,,,,,,,,,,,,,2020,9/21/2020,3.198,00,,,,,,,,,,1.07%,3.198,00,34.29,10.374,78,2.061,07,3.007,67,14%,224%,0.33%,1.66%,0.39%,20.89%,20.89%,0,1.14%,-3.91%,,,,,,,,,,,,
,,,,,,,,,,,,,,,,,,2020,9/22/2020,3.164,00,,,,,,,,,,1.08%,3.164,00,34.29,10.374,78,2.061,07,3.007,67,13%,228%,0.33%,1.66%,0.40%,22.19%,22.19%,0,1.14%,-4.93%,,,,,,,,,,,,
,,,,,,,,,,,,,,,,,,2020,9/23/2020,3.204,00,,,,,,,,,,1.07%,3.204,00,34.29,10.374,78,2.061,07,3.007,67,14%,224%,0.33%,1.66%,0.39%,20.66%,20.66%,0,1.14%,-3.73%,,,,,,,,,,,,
,,,,,,,,,,,,,,,,,,2020,9/24/2020,3.156,00,,,,,,,,,,1.09%,3.156,00,34.29,10.374,78,2.061,07,3.007,67,13%,229%,0.33%,1.66%,0.40%,22.50%,22.50%,0,1.14%,-5.17%,,,,,,,,,,,,
,,,,,,,,,,,,,,,,,,2020,9/25/2020,3.200,00,,,,,,,,,,1.07%,3.200,00,34.29,10.374,78,2.061,07,3.007,67,14%,224%,0.33%,1.66%,0.39%,20.81%,20.81%,0,1.14%,-3.85%,,,,,,,,,,,,
,,,,,,,,,,,,,,,,,,2020,9/28/2020,3.208,00,,,,,,,,,,1.07%,3.208,00,34.29,10.374,78,2.061,07,3.007,67,14%,223%,0.33%,1.66%,0.39%,20.51%,20.51%,0,1.14%,-3.61%,,,,,,,,,,,,
,,,,,,,,,,,,,,,,,,2020,9/29/2020,3.200,00,,,,,,,,,,1.07%,3.200,00,34.29,10.374,78,2.061,07,3.007,67,14%,224%,0.33%,1.66%,0.39%,20.81%,20.81%,0,1.14%,-3.85%,,,,,,,,,,,,
,,,,,,,,,,,,,,,,,,2020,9/30/2020,3.224,00,,,,,,,,,,1.06%,3.224,00,34.29,10.374,78,2.061,07,3.007,67,14%,222%,0.33%,1.66%,0.39%,19.91%,19.91%,0,1.14%,-3.13%,,,,,,,,,,,,
,,,,,,,,,,,,,,,,,,2020,10/1/2020,3.206,00,,,,,,,,,,1.07%,3.206,00,34.29,10.374,78,2.061,07,3.007,67,14%,224%,0.33%,1.66%,0.39%,20.59%,20.59%,0,1.14%,-3.67%,,,,,,,,,,,,
,,,,,,,,,,,,,,,,,,2020,10/2/2020,3.206,00,,,,,,,,,,1.07%,3.206,00,34.29,10.374,78,2.061,07,3.007,67,14%,224%,0.33%,1.66%,0.39%,20.59%,20.59%,0,1.14%,-3.67%,,,,,,,,,,,,
,,,,,,,,,,,,,,,,,,2020,10/5/2020,3.258,00,,,,,,,,,,1.05%,3.258,00,34.29,10.374,78,2.061,07,3.007,67,14%,218%,0.33%,1.66%,0.38%,18.66%,18.66%,0,1.14%,-2.10%,,,,,,,,,,,,
,,,,,,,,,,,,,,,,,,2020,10/6/2020,3.252,00,,,,,,,,,,1.05%,3.252,00,34.29,10.374,78,2.061,07,3.007,67,14%,219%,0.33%,1.66%,0.38%,18.88%,18.88%,0,1.14%,-2.28%,,,,,,,,,,,,
,,,,,,,,,,,,,,,,,,2020,10/7/2020,3.250,00,,,,,,,,,,1.06%,3.250,00,34.29,10.374,78,2.061,07,3.007,67,14%,219%,0.33%,1.66%,0.38%,18.95%,18.95%,0,1.14%,-2.34%,,,,,,,,,,,,
,,,,,,,,,,,,,,,,,,2020,10/8/2020,3.270,00,,,,,,,,,,1.05%,3.270,00,34.29,10.374,78,2.061,07,3.007,67,15%,217%,0.33%,1.66%,0.38%,18.23%,18.23%,0,1.14%,-1.74%,,,,,,,,,,,,
,,,,,,,,,,,,,,,,,,2020,10/9/2020,3.354,00,,,,,,,,,,1.02%,3.354,00,34.29,10.374,78,2.061,07,3.007,67,16%,209%,0.33%,1.66%,0.37%,15.27%,15.27%,0,1.14%,0.00%,,,,,,,,,,,,
,,,,,,,,,,,,,,,,,,2020,10/12/2020,3.362,00,,,,,,,,,,1.02%,3.362,00,34.29,10.374,78,2.061,07,3.007,67,16%,209%,0.33%,1.66%,0.37%,14.99%,14.99%,0,1.14%,0.00%,,,,,,,,,,,,
,,,,,,,,,,,,,,,,,,2020,10/13/2020,3.376,00,,,,,,,,,,1.02%,3.376,00,34.29,10.374,78,2.061,07,3.007,67,16%,207%,0.33%,1.66%,0.37%,14.51%,14.51%,0,1.14%,0.00%,,,,,,,,,,,,
,,,,,,,,,,,,,,,,,,2020,10/14/2020,3.396,00,,,,,,,,,,1.01%,3.396,00,34.29,10.374,78,2.061,07,3.007,67,16%,206%,0.33%,1.66%,0.37%,13.84%,13.84%,0,1.14%,0.00%,,,,,,,,,,,,
,,,,,,,,,,,,,,,,,,2020,10/15/2020,3.374,00,,,,,,,,,,1.02%,3.374,00,34.29,10.374,78,2.061,07,3.007,67,16%,207%,0.33%,1.66%,0.37%,14.58%,14.58%,0,1.14%,-0.65%,,,,,,,,,,,,
,,,,,,,,,,,,,,,,,,2020,10/16/2020,3.478,00,,,,,,,,,,0.99%,3.478,00,34.29,10.374,78,2.061,07,3.007,67,17%,198%,0.33%,1.66%,0.36%,11.16%,11.16%,0,1.14%,0.00%,,,,,,,,,,,,
,,,,,,,,,,,,,,,,,,2020,10/19/2020,3.474,00,,,,,,,,,,0.99%,3.474,00,34.29,10.374,78,2.061,07,3.007,67,17%,199%,0.33%,1.66%,0.36%,11.28%,11.28%,0,1.14%,-0.12%,,,,,,,,,,,,
,,,,,,,,,,,,,,,,,,2020,10/20/2020,3.498,00,,,,,,,,,,0.98%,3.498,00,34.29,10.374,78,2.061,07,3.007,67,17%,197%,0.33%,1.66%,0.36%,10.52%,10.52%,0,1.14%,0.00%,,,,,,,,,,,,
,,,,,,,,,,,,,,,,,,2020,10/21/2020,3.508,00,,,,,,,,,,0.98%,3.508,00,34.29,10.374,78,2.061,07,3.007,67,17%,196%,0.33%,1.66%,0.36%,10.21%,10.21%,0,1.14%,0.00%,,,,,,,,,,,,
,,,,,,,,,,,,,,,,,,2020,10/22/2020,3.558,00,,,,,,,,,,0.96%,3.558,00,34.29,10.374,78,2.061,07,3.007,67,18%,192%,0.33%,1.66%,0.35%,8.66%,8.66%,0,1.14%,0.00%,,,,,,,,,,,,
,,,,,,,,,,,,,,,,,,2020,10/23/2020,3.566,00,,,,,,,,,,0.96%,3.566,00,34.29,10.374,78,2.061,07,3.007,67,18%,191%,0.33%,1.66%,0.35%,8.41%,8.41%,0,1.14%,0.00%,,,,,,,,,,,,
,,,,,,,,,,,,,,,,,,2020,10/26/2020,3.562,00,,,,,,,,,,0.96%,3.562,00,34.29,10.374,78,2.061,07,3.007,67,18%,191%,0.33%,1.66%,0.35%,8.53%,8.53%,0,1.14%,-0.11%,,,,,,,,,,,,
,,,,,,,,,,,,,,,,,,2020,10/27/2020,3.566,00,,,,,,,,,,0.96%,3.566,00,34.29,10.374,78,2.061,07,3.007,67,18%,191%,0.33%,1.66%,0.35%,8.41%,8.41%,0,1.14%,0.00%,,,,,,,,,,,,
,,,,,,,,,,,,,,,,,,2020,10/28/2020,3.522,00,,,,,,,,,,0.97%,3.522,00,34.29,10.374,78,2.061,07,3.007,67,18%,195%,0.33%,1.66%,0.35%,9.77%,9.77%,0,1.14%,-1.23%,,,,,,,,,,,,
,,,,,,,,,,,,,,,,,,2020,10/29/2020,3.510,00,,,,,,,,,,0.98%,3.510,00,34.29,10.374,78,2.061,07,3.007,67,17%,196%,0.33%,1.66%,0.36%,10.14%,10.14%,0,1.14%,-1.57%,,,,,,,,,,,,
,,,,,,,,,,,,,,,,,,2020,10/30/2020,3.492,00,,,,,,,,,,0.98%,3.492,00,34.29,10.374,78,2.061,07,3.007,67,17%,197%,0.33%,1.66%,0.36%,10.71%,10.71%,0,1.14%,-2.08%,,,,,,,,,,,,
,,,,,,,,,,,,,,,,,,2020,11/2/2020,3.464,00,,,,,,,,,,0.99%,3.464,00,34.29,10.374,78,2.061,07,3.007,67,17%,200%,0.33%,1.66%,0.36%,11.61%,11.61%,0,1.14%,-2.86%,,,,,,,,,,,,
,,,,,,,,,,,,,,,,,,2020,11/3/2020,3.490,00,,,,,,,,,,0.98%,3.490,00,34.29,10.374,78,2.061,07,3.007,67,17%,197%,0.33%,1.66%,0.36%,10.77%,10.77%,0,1.14%,-2.13%,,,,,,,,,,,,
,,,,,,,,,,,,,,,,,,2020,11/4/2020,3.574,00,,,,,,,,,,0.96%,3.574,00,34.29,10.374,78,2.061,07,3.007,67,18%,190%,0.33%,1.66%,0.35%,8.17%,8.17%,0,1.14%,0.00%,,,,,,,,,,,,
,,,,,,,,,,,,,,,,,,2020,11/5/2020,3.556,00,,,,,,,,,,0.96%,3.556,00,34.29,10.374,78,2.061,07,3.007,67,18%,192%,0.33%,1.66%,0.35%,8.72%,8.72%,0,1.14%,-0.50%,,,,,,,,,,,,
,,,,,,,,,,,,,,,,,,2020,11/6/2020,3.508,00,,,,,,,,,,0.98%,3.508,00,34.29,10.374,78,2.061,07,3.007,67,17%,196%,0.33%,1.66%,0.36%,10.21%,10.21%,0,1.14%,-1.85%,,,,,,,,,,,,
,,,,,,,,,,,,,,,,,,2020,11/9/2020,3.330,00,,,,,,,,,,1.03%,3.330,00,34.29,10.374,78,2.061,07,3.007,67,15%,212%,0.33%,1.66%,0.38%,16.10%,16.10%,0,1.14%,-6.83%,,,,,,,,,,,,
,,,,,,,,,,,,,,,,,,2020,11/10/2020,3.294,00,,,,,,,,,,1.04%,3.294,00,34.29,10.374,78,2.061,07,3.007,67,15%,215%,0.33%,1.66%,0.38%,17.36%,17.36%,0,1.14%,-7.83%,,,,,,,,,,,,
,,,,,,,,,,,,,,,,,,2020,11/11/2020,3.416,00,,,,,,,,,,1.00%,3.416,00,34.29,10.374,78,2.061,07,3.007,67,16%,204%,0.33%,1.66%,0.37%,13.17%,13.17%,0,1.14%,-4.42%,,,,,,,,,,,,
,,,,,,,,,,,,,,,,,,2020,11/12/2020,3.446,00,,,,,,,,,,1.00%,3.446,00,34.29,10.374,78,2.061,07,3.007,67,17%,201%,0.33%,1.66%,0.36%,12.19%,12.19%,0,1.14%,-3.58%,,,,,,,,,,,,
,,,,,,,,,,,,,,,,,,2020,11/13/2020,3.438,00,,,,,,,,,,1.00%,3.438,00,34.29,10.374,78,2.061,07,3.007,67,17%,202%,0.33%,1.66%,0.36%,12.45%,12.45%,0,1.14%,-3.81%,,,,,,,,,,,,
,,,,,,,,,,,,,,,,,,2020,11/16/2020,3.438,00,,,,,,,,,,1.00%,3.438,00,34.29,10.374,78,2.061,07,3.007,67,17%,202%,0.33%,1.66%,0.36%,12.45%,12.45%,0,1.14%,-3.81%,,,,,,,,,,,,
,,,,,,,,,,,,,,,,,,2020,11/17/2020,3.400,00,,,,,,,,,,1.01%,3.400,00,34.29,10.374,78,2.061,07,3.007,67,16%,205%,0.33%,1.66%,0.37%,13.71%,13.71%,0,1.14%,-4.87%,,,,,,,,,,,,
,,,,,,,,,,,,,,,,,,2020,11/18/2020,3.376,00,,,,,,,,,,1.02%,3.376,00,34.29,10.374,78,2.061,07,3.007,67,16%,207%,0.33%,1.66%,0.37%,14.51%,14.51%,0,1.14%,-5.54%,,,,,,,,,,,,
,,,,,,,,,,,,,,,,,,2020,11/19/2020,3.340,00,,,,,,,,,,1.03%,3.340,00,34.29,10.374,78,2.061,07,3.007,67,15%,211%,0.33%,1.66%,0.37%,15.75%,15.75%,0,1.14%,-6.55%,,,,,,,,,,,,
,,,,,,,,,,,,,,,,,,2020,11/20/2020,3.390,00,,,,,,,,,,1.01%,3.390,00,34.29,10.374,78,2.061,07,3.007,67,16%,206%,0.33%,1.66%,0.37%,14.04%,14.04%,0,1.14%,-5.15%,,,,,,,,,,,,
,,,,,,,,,,,,,,,,,,2020,11/23/2020,3.350,00,,,,,,,,,,1.02%,3.350,00,34.29,10.374,78,2.061,07,3.007,67,16%,210%,0.33%,1.66%,0.37%,15.40%,15.40%,0,1.14%,-6.27%,,,,,,,,,,,,
,,,,,,,,,,,,,,,,,,2020,11/24/2020,3.174,00,,,,,,,,,,1.08%,3.174,00,34.29,10.374,78,2.061,07,3.007,67,13%,227%,0.33%,1.66%,0.39%,21.80%,21.80%,0,1.14%,-11.19%,,,,,,,,,,,,
,,,,,,,,,,,,,,,,,,2020,11/25/2020,3.214,00,,,,,,,,,,1.07%,3.214,00,34.29,10.374,78,2.061,07,3.007,67,14%,223%,0.33%,1.66%,0.39%,20.29%,20.29%,0,1.14%,-10.07%,,,,,,,,,,,,
,,,,,,,,,,,,,,,,,,2020,11/26/2020,3.178,00,,,,,,,,,,1.08%,3.178,00,34.29,10.374,78,2.061,07,3.007,67,13%,226%,0.33%,1.66%,0.39%,21.65%,21.65%,0,1.14%,-11.08%,,,,,,,,,,,,
,,,,,,,,,,,,,,,,,,2020,11/27/2020,3.324,00,,,,,,,,,,1.03%,3.324,00,34.29,10.374,78,2.061,07,3.007,67,15%,212%,0.33%,1.66%,0.38%,16.31%,16.31%,0,1.14%,-6.99%,,,,,,,,,,,,
,,,,,,,,,,,,,,,,,,2020,11/30/2020,3.366,00,,,,,,,,,,1.02%,3.366,00,34.29,10.374,78,2.061,07,3.007,67,16%,208%,0.33%,1.66%,0.37%,14.85%,14.85%,0,1.14%,-5.82%,,,,,,,,,,,,
,,,,,,,,,,,,,,,,,,2020,12/1/2020,3.328,00,,,,,,,,,,1.03%,3.328,00,34.29,10.374,78,2.061,07,3.007,67,15%,212%,0.33%,1.66%,0.38%,16.17%,16.17%,0,1.14%,-6.88%,,,,,,,,,,,,
,,,,,,,,,,,,,,,,,,2020,12/2/2020,3.316,00,,,,,,,,,,1.03%,3.316,00,34.29,10.374,78,2.061,07,3.007,67,15%,213%,0.33%,1.66%,0.38%,16.59%,16.59%,0,1.14%,-7.22%,,,,,,,,,,,,
,,,,,,,,,,,,,,,,,,2020,12/3/2020,3.274,00,,,,,,,,,,1.05%,3.274,00,34.29,10.374,78,2.061,07,3.007,67,15%,217%,0.33%,1.66%,0.38%,18.08%,18.08%,0,1.14%,-8.39%,,,,,,,,,,,,
,,,,,,,,,,,,,,,,,,2020,12/4/2020,3.274,00,,,,,,,,,,1.05%,3.274,00,34.29,10.374,78,2.061,07,3.007,67,15%,217%,0.33%,1.66%,0.38%,18.08%,18.08%,0,1.14%,-8.39%,,,,,,,,,,,,
,,,,,,,,,,,,,,,,,,2020,12/7/2020,3.280,00,,,,,,,,,,1.05%,3.280,00,34.29,10.374,78,2.061,07,3.007,67,15%,216%,0.33%,1.66%,0.38%,17.87%,17.87%,0,1.14%,-8.23%,,,,,,,,,,,,
,,,,,,,,,,,,,,,,,,2020,12/8/2020,3.286,00,,,,,,,,,,1.04%,3.286,00,34.29,10.374,78,2.061,07,3.007,67,15%,216%,0.33%,1.66%,0.38%,17.65%,17.65%,0,1.14%,-8.06%,,,,,,,,,,,,
,,,,,,,,,,,,,,,,,,2020,12/9/2020,3.222,00,,,,,,,,,,1.06%,3.222,00,34.29,10.374,78,2.061,07,3.007,67,14%,222%,0.33%,1.66%,0.39%,19.99%,19.99%,0,1.14%,-9.85%,,,,,,,,,,,,
,,,,,,,,,,,,,,,,,,2020,12/10/2020,3.246,00,,,,,,,,,,1.06%,3.246,00,34.29,10.374,78,2.061,07,3.007,67,14%,220%,0.33%,1.66%,0.39%,19.10%,19.10%,0,1.14%,-9.18%,,,,,,,,,,,,
,,,,,,,,,,,,,,,,,,2020,12/11/2020,3.246,00,,,,,,,,,,1.06%,3.246,00,34.29,10.374,78,2.061,07,3.007,67,14%,220%,0.33%,1.66%,0.39%,19.10%,19.10%,0,1.14%,-9.18%,,,,,,,,,,,,
,,,,,,,,,,,,,,,,,,2020,12/14/2020,3.222,00,,,,,,,,,,1.06%,3.222,00,34.29,10.374,78,2.061,07,3.007,67,14%,222%,0.33%,1.66%,0.39%,19.99%,19.99%,0,1.14%,-9.85%,,,,,,,,,,,,
,,,,,,,,,,,,,,,,,,2020,12/15/2020,3.182,00,,,,,,,,,,1.08%,3.182,00,34.29,10.374,78,2.061,07,3.007,67,13%,226%,0.33%,1.66%,0.39%,21.50%,21.50%,0,1.14%,-10.97%,,,,,,,,,,,,
,,,,,,,,,,,,,,,,,,2020,12/16/2020,3.242,00,,,,,,,,,,1.06%,3.242,00,34.29,10.374,78,2.061,07,3.007,67,14%,220%,0.33%,1.66%,0.39%,19.25%,19.25%,0,1.14%,-9.29%,,,,,,,,,,,,
,,,,,,,,,,,,,,,,,,2020,12/17/2020,3.266,00,,,,,,,,,,1.05%,3.266,00,34.29,10.374,78,2.061,07,3.007,67,14%,218%,0.33%,1.66%,0.38%,18.37%,18.37%,0,1.14%,-8.62%,,,,,,,,,,,,
,,,,,,,,,,,,,,,,,,2020,12/18/2020,3.270,00,,,,,,,,,,1.05%,3.270,00,34.29,10.374,78,2.061,07,3.007,67,15%,217%,0.33%,1.66%,0.38%,18.23%,18.23%,0,1.14%,-8.51%,,,,,,,,,,,,
,,,,,,,,,,,,,,,,,,2020,12/21/2020,3.350,00,,,,,,,,,,1.02%,3.350,00,34.29,10.374,78,2.061,07,3.007,67,16%,210%,0.33%,1.66%,0.37%,15.40%,15.40%,0,1.14%,-6.27%,,,,,,,,,,,,
,,,,,,,,,,,,,,,,,,2020,12/22/2020,3.426,00,,,,,,,,,,1.00%,3.426,00,34.29,10.374,78,2.061,07,3.007,67,16%,203%,0.33%,1.66%,0.36%,12.84%,12.84%,0,1.14%,-4.14%,,,,,,,,,,,,
,,,,,,,,,,,,,,,,,,2020,12/23/2020,3.408,00,,,,,,,,,,1.01%,3.408,00,34.29,10.374,78,2.061,07,3.007,67,16%,204%,0.33%,1.66%,0.37%,13.44%,13.44%,0,1.14%,-4.64%,,,,,,,,,,,,
,,,,,,,,,,,,,,,,,,2020,12/24/2020,3.416,00,,,,,,,,,,1.00%,3.416,00,34.29,10.374,78,2.061,07,3.007,67,16%,204%,0.33%,1.66%,0.37%,13.17%,13.17%,0,1.14%,-4.42%,,,,,,,,,,,,
,,,,,,,,,,,,,,,,,,2020,12/28/2020,,,,,,,,,,,1.00%,3.416,00,34.29,10.374,78,2.061,07,3.007,67,16%,204%,0.33%,1.66%,0.37%,13.17%,13.17%,0,1.14%,-4.42%,,,,,,,,,,,,
,,,,,,,,,,,,,,,,,,2020,12/29/2020,3.520,00,,,,,,,,,,0.97%,3.520,00,34.29,10.374,78,2.061,07,3.007,67,18%,195%,0.33%,1.66%,0.36%,9.83%,9.83%,0,1.14%,-1.51%,,,,,,,,,,,,
,,,,,,,,,,,,,,,,,,2020,12/30/2020,3.544,00,,,,,,,,,,0.97%,3.544,00,34.29,10.374,78,2.061,07,3.007,67,18%,193%,0.33%,1.66%,0.35%,9.09%,9.09%,0,1.14%,-0.84%,,,,,,,,,,,,
,,,,,,,,,,,,,,,,,,2020,12/31/2020,3.450,00,,,,,,,,,,0.99%,3.450,00,34.29,10.374,78,2.061,07,3.007,67,17%,201%,0.33%,1.66%,0.36%,12.06%,12.06%,0,1.14%,-3.47%,,,,,,,,,,,,
,,,,,,,,,,,,,,,,,,2021,1/4/2021,3.548,00,,,,,,,,,,1.14%,3.548,00,40.50,12.253,68,2.434,33,3.552,36,11%,245%,0.33%,1.66%,0.35%,8.96%,8.96%,0,1.14%,-0.73%,,,,,,,,,,,,
,,,,,,,,,,,,,,,,,,2021,1/5/2021,3.542,00,,,,,,,,,,1.14%,3.542,00,40.50,12.253,68,2.434,33,3.552,36,11%,246%,0.33%,1.66%,0.35%,9.15%,9.15%,0,1.14%,-0.90%,,,,,,,,,,,,
,,,,,,,,,,,,,,,,,,2021,1/6/2021,3.514,00,,,,,,,,,,1.15%,3.514,00,40.50,12.253,68,2.434,33,3.552,36,11%,249%,0.33%,1.66%,0.36%,10.02%,10.02%,0,1.14%,-1.68%,,,,,,,,,,,,
,,,,,,,,,,,,,,,,,,2021,1/7/2021,3.496,00,,,,,,,,,,1.16%,3.496,00,40.50,12.253,68,2.434,33,3.552,36,11%,251%,0.33%,1.66%,0.36%,10.58%,10.58%,0,1.14%,-2.18%,,,,,,,,,,,,
,,,,,,,,,,,,,,,,,,2021,1/8/2021,3.552,00,,,,,,,,,,1.14%,3.552,00,40.50,12.253,68,2.434,33,3.552,36,11%,245%,0.33%,1.66%,0.35%,8.84%,8.84%,0,1.14%,-0.62%,,,,,,,,,,,,
,,,,,,,,,,,,,,,,,,2021,1/11/2021,3.574,00,,,,,,,,,,1.13%,3.574,00,40.50,12.253,68,2.434,33,3.552,36,12%,243%,0.33%,1.66%,0.35%,8.17%,8.17%,0,1.14%,0.00%,,,,,,,,,,,,
,,,,,,,,,,,,,,,,,,2021,1/12/2021,3.480,00,,,,,,,,,,1.16%,3.480,00,40.50,12.253,68,2.434,33,3.552,36,11%,252%,0.33%,1.66%,0.36%,11.09%,11.09%,0,1.14%,-2.63%,,,,,,,,,,,,
,,,,,,,,,,,,,,,,,,2021,1/13/2021,3.512,00,,,,,,,,,,1.15%,3.512,00,40.50,12.253,68,2.434,33,3.552,36,11%,249%,0.33%,1.66%,0.36%,10.08%,10.08%,0,1.14%,-1.73%,,,,,,,,,,,,
,,,,,,,,,,,,,,,,,,2021,1/14/2021,3.602,00,,,,,,,,,,1.12%,3.602,00,40.50,12.253,68,2.434,33,3.552,36,12%,240%,0.33%,1.66%,0.35%,7.33%,7.33%,0,1.14%,0.00%,,,,,,,,,,,,
,,,,,,,,,,,,,,,,,,2021,1/15/2021,3.570,00,,,,,,,,,,1.13%,3.570,00,40.50,12.253,68,2.434,33,3.552,36,12%,243%,0.33%,1.66%,0.35%,8.29%,8.29%,0,1.14%,-0.89%,,,,,,,,,,,,
,,,,,,,,,,,,,,,,,,2021,1/18/2021,3.644,00,,,,,,,,,,1.11%,3.644,00,40.50,12.253,68,2.434,33,3.552,36,12%,236%,0.33%,1.66%,0.34%,6.09%,6.09%,0,1.14%,0.00%,,,,,,,,,,,,
,,,,,,,,,,,,,,,,,,2021,1/19/2021,3.662,00,,,,,,,,,,1.11%,3.662,00,40.50,12.253,68,2.434,33,3.552,36,13%,235%,0.33%,1.66%,0.34%,5.57%,5.57%,0,1.14%,0.00%,,,,,,,,,,,,
,,,,,,,,,,,,,,,,,,2021,1/20/2021,3.664,00,,,,,,,,,,1.11%,3.664,00,40.50,12.253,68,2.434,33,3.552,36,13%,234%,0.33%,1.66%,0.34%,5.51%,5.51%,0,1.14%,0.00%,,,,,,,,,,,,
,,,,,,,,,,,,,,,,,,2021,1/21/2021,3.648,00,,,,,,,,,,1.11%,3.648,00,40.50,12.253,68,2.434,33,3.552,36,12%,236%,0.33%,1.66%,0.34%,5.98%,5.98%,0,1.14%,-0.44%,,,,,,,,,,,,
,,,,,,,,,,,,,,,,,,2021,1/22/2021,3.672,00,,,,,,,,,,1.10%,3.672,00,40.50,12.253,68,2.434,33,3.552,36,13%,234%,0.33%,1.66%,0.34%,5.28%,5.28%,0,1.14%,0.00%,,,,,,,,,,,,
,,,,,,,,,,,,,,,,,,2021,1/25/2021,3.716,00,,,,,,,,,,1.09%,3.716,00,40.50,12.253,68,2.434,33,3.552,36,13%,230%,0.33%,1.66%,0.34%,4.04%,4.04%,0,1.14%,0.00%,,,,,,,,,,,,
,,,,,,,,,,,,,,,,,,2021,1/26/2021,3.712,00,,,,,,,,,,1.09%,3.712,00,40.50,12.253,68,2.434,33,3.552,36,13%,230%,0.33%,1.66%,0.34%,4.15%,4.15%,0,1.14%,-0.11%,,,,,,,,,,,,
,,,,,,,,,,,,,,,,,,2021,1/27/2021,3.706,00,,,,,,,,,,1.09%,3.706,00,40.50,12.253,68,2.434,33,3.552,36,13%,231%,0.33%,1.66%,0.34%,4.32%,4.32%,0,1.14%,-0.27%,,,,,,,,,,,,
,,,,,,,,,,,,,,,,,,2021,1/28/2021,3.690,00,,,,,,,,,,1.10%,3.690,00,40.50,12.253,68,2.434,33,3.552,36,13%,232%,0.33%,1.66%,0.34%,4.77%,4.77%,0,1.14%,-0.70%,,,,,,,,,,,,
,,,,,,,,,,,,,,,,,,2021,1/29/2021,3.606,00,,,,,,,,,,1.12%,3.606,00,40.50,12.253,68,2.434,33,3.552,36,12%,240%,0.33%,1.66%,0.35%,7.21%,7.21%,0,1.14%,-2.96%,,,,,,,,,,,,
,,,,,,,,,,,,,,,,,,2021,2/1/2021,3.642,00,,,,,,,,,,1.11%,3.642,00,40.50,12.253,68,2.434,33,3.552,36,12%,236%,0.33%,1.66%,0.34%,6.15%,6.15%,0,1.14%,-1.99%,,,,,,,,,,,,
,,,,,,,,,,,,,,,,,,2021,2/2/2021,3.634,00,,,,,,,,,,1.11%,3.634,00,40.50,12.253,68,2.434,33,3.552,36,12%,237%,0.33%,1.66%,0.34%,6.38%,6.38%,0,1.14%,-2.21%,,,,,,,,,,,,
,,,,,,,,,,,,,,,,,,2021,2/3/2021,3.634,00,,,,,,,,,,1.11%,3.634,00,40.50,12.253,68,2.434,33,3.552,36,12%,237%,0.33%,1.66%,0.34%,6.38%,6.38%,0,1.14%,-2.21%,,,,,,,,,,,,
,,,,,,,,,,,,,,,,,,2021,2/4/2021,3.618,00,,,,,,,,,,1.12%,3.618,00,40.50,12.253,68,2.434,33,3.552,36,12%,239%,0.33%,1.66%,0.35%,6.85%,6.85%,0,1.14%,-2.64%,,,,,,,,,,,,
,,,,,,,,,,,,,,,,,,2021,2/5/2021,3.626,00,,,,,,,,,,1.12%,3.626,00,40.50,12.253,68,2.434,33,3.552,36,12%,238%,0.33%,1.66%,0.34%,6.62%,6.62%,0,1.14%,-2.42%,,,,,,,,,,,,
,,,,,,,,,,,,,,,,,,2021,2/8/2021,3.696,00,,,,,,,,,,1.10%,3.696,00,40.50,12.253,68,2.434,33,3.552,36,13%,232%,0.33%,1.66%,0.34%,4.60%,4.60%,0,1.14%,-0.54%,,,,,,,,,,,,
,,,,,,,,,,,,,,,,,,2021,2/9/2021,3.744,00,,,,,,,,,,1.08%,3.744,00,40.50,12.253,68,2.434,33,3.552,36,13%,227%,0.33%,1.66%,0.33%,3.26%,3.26%,0,1.14%,0.00%,,,,,,,,,,,,
,,,,,,,,,,,,,,,,,,2021,2/10/2021,3.712,00,,,,,,,,,,1.09%,3.712,00,40.50,12.253,68,2.434,33,3.552,36,13%,230%,0.33%,1.66%,0.34%,4.15%,4.15%,0,1.14%,-0.85%,,,,,,,,,,,,
,,,,,,,,,,,,,,,,,,2021,2/11/2021,3.700,00,,,,,,,,,,1.09%,3.700,00,40.50,12.253,68,2.434,33,3.552,36,13%,231%,0.33%,1.66%,0.34%,4.49%,4.49%,0,1.14%,-1.18%,,,,,,,,,,,,
,,,,,,,,,,,,,,,,,,2021,2/12/2021,3.768,00,,,,,,,,,,1.07%,3.768,00,40.50,12.253,68,2.434,33,3.552,36,14%,225%,0.33%,1.66%,0.33%,2.60%,2.60%,0,1.14%,0.00%,,,,,,,,,,,,
,,,,,,,,,,,,,,,,,,2021,2/15/2021,3.774,00,,,,,,,,,,1.07%,3.774,00,40.50,12.253,68,2.434,33,3.552,36,14%,225%,0.33%,1.66%,0.33%,2.44%,2.44%,0,1.14%,0.00%,,,,,,,,,,,,
,,,,,,,,,,,,,,,,,,2021,2/16/2021,3.802,00,,,,,,,,,,1.07%,3.802,00,40.50,12.253,68,2.434,33,3.552,36,14%,222%,0.33%,1.66%,0.33%,1.68%,1.68%,0,1.14%,0.00%,,,,,,,,,,,,
,,,,,,,,,,,,,,,,,,2021,2/17/2021,3.698,00,,,,,,,,,,1.10%,3.698,00,40.50,12.253,68,2.434,33,3.552,36,13%,231%,0.33%,1.66%,0.34%,4.54%,4.54%,0,1.14%,-2.74%,,,,,,,,,,,,
,,,,,,,,,,,,,,,,,,2021,2/18/2021,3.628,00,,,,,,,,,,1.12%,3.628,00,40.50,12.253,68,2.434,33,3.552,36,12%,238%,0.33%,1.66%,0.34%,6.56%,6.56%,0,1.14%,-4.58%,,,,,,,,,,,,
,,,,,,,,,,,,,,,,,,2021,2/19/2021,3.612,00,,,,,,,,,,1.12%,3.612,00,40.50,12.253,68,2.434,33,3.552,36,12%,239%,0.33%,1.66%,0.35%,7.03%,7.03%,0,1.14%,-5.00%,,,,,,,,,,,,
,,,,,,,,,,,,,,,,,,2021,2/22/2021,3.498,00,,,,,,,,,,1.16%,3.498,00,40.50,12.253,68,2.434,33,3.552,36,11%,250%,0.33%,1.66%,0.36%,10.52%,10.52%,0,1.14%,-8.00%,,,,,,,,,,,,
,,,,,,,,,,,,,,,,,,2021,2/23/2021,3.508,00,,,,,,,,,,1.15%,3.508,00,40.50,12.253,68,2.434,33,3.552,36,11%,249%,0.33%,1.66%,0.36%,10.21%,10.21%,0,1.14%,-7.73%,,,,,,,,,,,,
,,,,,,,,,,,,,,,,,,2021,2/24/2021,3.502,00,,,,,,,,,,1.16%,3.502,00,40.50,12.253,68,2.434,33,3.552,36,11%,250%,0.33%,1.66%,0.36%,10.39%,10.39%,0,1.14%,-7.89%,,,,,,,,,,,,
,,,,,,,,,,,,,,,,,,2021,2/25/2021,3.452,00,,,,,,,,,,1.17%,3.452,00,40.50,12.253,68,2.434,33,3.552,36,10%,255%,0.33%,1.66%,0.36%,11.99%,11.99%,0,1.14%,-9.21%,,,,,,,,,,,,
,,,,,,,,,,,,,,,,,,2021,2/26/2021,3.430,00,,,,,,,,,,1.18%,3.430,00,40.50,12.253,68,2.434,33,3.552,36,10%,257%,0.33%,1.66%,0.36%,12.71%,12.71%,0,1.14%,-9.78%,,,,,,,,,,,,
,,,,,,,,,,,,,,,,,,2021,3/1/2021,3.444,00,,,,,,,,,,1.18%,3.444,00,40.50,12.253,68,2.434,33,3.552,36,10%,256%,0.33%,1.66%,0.36%,12.25%,12.25%,0,1.14%,-9.42%,,,,,,,,,,,,
,,,,,,,,,,,,,,,,,,2021,3/2/2021,3.418,00,,,,,,,,,,1.18%,3.418,00,40.50,12.253,68,2.434,33,3.552,36,10%,259%,0.33%,1.66%,0.37%,13.11%,13.11%,0,1.14%,-10.10%,,,,,,,,,,,,
,,,,,,,,,,,,,,,,,,2021,3/3/2021,3.384,00,,,,,,,,,,1.20%,3.384,00,40.50,12.253,68,2.434,33,3.552,36,10%,262%,0.33%,1.66%,0.37%,14.24%,14.24%,0,1.14%,-10.99%,,,,,,,,,,,,
,,,,,,,,,,,,,,,,,,2021,3/4/2021,3.322,00,,,,,,,,,,1.22%,3.322,00,40.50,12.253,68,2.434,33,3.552,36,9%,269%,0.33%,1.66%,0.38%,16.38%,16.38%,0,1.14%,-12.62%,,,,,,,,,,,,
,,,,,,,,,,,,,,,,,,2021,3/5/2021,3.338,00,,,,,,,,,,1.21%,3.338,00,40.50,12.253,68,2.434,33,3.552,36,9%,267%,0.33%,1.66%,0.37%,15.82%,15.82%,0,1.14%,-12.20%,,,,,,,,,,,,
,,,,,,,,,,,,,,,,,,2021,3/8/2021,3.272,00,,,,,,,,,,1.24%,3.272,00,40.50,12.253,68,2.434,33,3.552,36,9%,275%,0.33%,1.66%,0.38%,18.15%,18.15%,0,1.14%,-13.94%,,,,,,,,,,,,
,,,,,,,,,,,,,,,,,,2021,3/9/2021,3.282,00,,,,,,,,,,1.23%,3.282,00,40.50,12.253,68,2.434,33,3.552,36,9%,273%,0.33%,1.66%,0.38%,17.79%,17.79%,0,1.14%,-13.68%,,,,,,,,,,,,
,,,,,,,,,,,,,,,,,,2021,3/10/2021,3.344,00,,,,,,,,,,1.21%,3.344,00,40.50,12.253,68,2.434,33,3.552,36,9%,266%,0.33%,1.66%,0.37%,15.61%,15.61%,0,1.14%,-12.05%,,,,,,,,,,,,
,,,,,,,,,,,,,,,,,,2021,3/11/2021,3.362,00,,,,,,,,,,1.20%,3.362,00,40.50,12.253,68,2.434,33,3.552,36,9%,264%,0.33%,1.66%,0.37%,14.99%,14.99%,0,1.14%,-11.57%,,,,,,,,,,,,
,,,,,,,,,,,,,,,,,,2021,3/12/2021,3.342,00,,,,,,,,,,1.21%,3.342,00,40.50,12.253,68,2.434,33,3.552,36,9%,267%,0.33%,1.66%,0.37%,15.68%,15.68%,0,1.14%,-12.10%,,,,,,,,,,,,
,,,,,,,,,,,,,,,,,,2021,3/15/2021,3.396,00,,,,,,,,,,1.19%,3.396,00,40.50,12.253,68,2.434,33,3.552,36,10%,261%,0.33%,1.66%,0.37%,13.84%,13.84%,0,1.14%,-10.68%,,,,,,,,,,,,
,,,,,,,,,,,,,,,,,,2021,3/16/2021,3.496,00,,,,,,,,,,1.16%,3.496,00,40.50,12.253,68,2.434,33,3.552,36,11%,251%,0.33%,1.66%,0.36%,10.58%,10.58%,0,1.14%,-8.05%,,,,,,,,,,,,
,,,,,,,,,,,,,,,,,,2021,3/17/2021,3.486,00,,,,,,,,,,1.16%,3.486,00,40.50,12.253,68,2.434,33,3.552,36,11%,252%,0.33%,1.66%,0.36%,10.90%,10.90%,0,1.14%,-8.31%,,,,,,,,,,,,
,,,,,,,,,,,,,,,,,,2021,3/18/2021,3.490,00,,,,,,,,,,1.16%,3.490,00,40.50,12.253,68,2.434,33,3.552,36,11%,251%,0.33%,1.66%,0.36%,10.77%,10.77%,0,1.14%,-8.21%,,,,,,,,,,,,
,,,,,,,,,,,,,,,,,,2021,3/19/2021,3.452,00,,,,,,,,,,1.17%,3.452,00,40.50,12.253,68,2.434,33,3.552,36,10%,255%,0.33%,1.66%,0.36%,11.99%,11.99%,0,1.14%,-9.21%,,,,,,,,,,,,
,,,,,,,,,,,,,,,,,,2021,3/22/2021,3.476,00,,,,,,,,,,1.17%,3.476,00,40.50,12.253,68,2.434,33,3.552,36,11%,253%,0.33%,1.66%,0.36%,11.22%,11.22%,0,1.14%,-8.57%,,,,,,,,,,,,
,,,,,,,,,,,,,,,,,,2021,3/23/2021,3.438,00,,,,,,,,,,1.18%,3.438,00,40.50,12.253,68,2.434,33,3.552,36,10%,256%,0.33%,1.66%,0.36%,12.45%,12.45%,0,1.14%,-9.57%,,,,,,,,,,,,
,,,,,,,,,,,,,,,,,,2021,3/24/2021,3.398,00,,,,,,,,,,1.19%,3.398,00,40.50,12.253,68,2.434,33,3.552,36,10%,261%,0.33%,1.66%,0.37%,13.77%,13.77%,0,1.14%,-10.63%,,,,,,,,,,,,
,,,,,,,,,,,,,,,,,,2021,3/25/2021,3.382,00,,,,,,,,,,1.20%,3.382,00,40.50,12.253,68,2.434,33,3.552,36,10%,262%,0.33%,1.66%,0.37%,14.31%,14.31%,0,1.14%,-11.05%,,,,,,,,,,,,
,,,,,,,,,,,,,,,,,,2021,3/26/2021,3.384,00,,,,,,,,,,1.20%,3.384,00,40.50,12.253,68,2.434,33,3.552,36,10%,262%,0.33%,1.66%,0.37%,14.24%,14.24%,0,1.14%,-10.99%,,,,,,,,,,,,
,,,,,,,,,,,,,,,,,,2021,3/29/2021,3.404,00,,,,,,,,,,1.19%,3.404,00,40.50,12.253,68,2.434,33,3.552,36,10%,260%,0.33%,1.66%,0.37%,13.57%,13.57%,0,1.14%,-10.47%,,,,,,,,,,,,
,,,,,,,,,,,,,,,,,,2021,3/30/2021,3.408,00,,,,,,,,,,1.19%,3.408,00,40.50,12.253,68,2.434,33,3.552,36,10%,260%,0.33%,1.66%,0.37%,13.44%,13.44%,0,1.14%,-10.36%,,,,,,,,,,,,
,,,,,,,,,,,,,,,,,,2021,3/31/2021,3.430,00,,,,,,,,,,1.18%,3.430,00,40.50,12.253,68,2.434,33,3.552,36,10%,257%,0.33%,1.66%,0.36%,12.71%,12.71%,0,1.14%,-9.78%,,,,,,,,,,,,
,,,,,,,,,,,,,,,,,,2021,4/1/2021,3.442,00,,,,,,,,,,1.18%,3.442,00,40.50,12.253,68,2.434,33,3.552,36,10%,256%,0.33%,1.66%,0.36%,12.32%,12.32%,0,1.14%,-9.47%,,,,,,,,,,,,
,,,,,,,,,,,,,,,,,,2021,4/6/2021,3.484,00,,,,,,,,,,1.16%,3.484,00,40.50,12.253,68,2.434,33,3.552,36,11%,252%,0.33%,1.66%,0.36%,10.96%,10.96%,0,1.14%,-8.36%,,,,,,,,,,,,
,,,,,,,,,,,,,,,,,,2021,4/7/2021,3.502,00,,,,,,,,,,1.16%,3.502,00,40.50,12.253,68,2.434,33,3.552,36,11%,250%,0.33%,1.66%,0.36%,10.39%,10.39%,0,1.14%,-7.89%,,,,,,,,,,,,
,,,,,,,,,,,,,,,,,,2021,4/8/2021,3.554,00,,,,,,,,,,1.14%,3.554,00,40.50,12.253,68,2.434,33,3.552,36,11%,245%,0.33%,1.66%,0.35%,8.78%,8.78%,0,1.14%,-6.52%,,,,,,,,,,,,
,,,,,,,,,,,,,,,,,,2021,4/9/2021,3.602,00,,,,,,,,,,1.12%,3.602,00,40.50,12.253,68,2.434,33,3.552,36,12%,240%,0.33%,1.66%,0.35%,7.33%,7.33%,0,1.14%,-5.26%,,,,,,,,,,,,
,,,,,,,,,,,,,,,,,,2021,4/12/2021,3.590,00,,,,,,,,,,1.13%,3.590,00,40.50,12.253,68,2.434,33,3.552,36,12%,241%,0.33%,1.66%,0.35%,7.69%,7.69%,0,1.14%,-5.58%,,,,,,,,,,,,
,,,,,,,,,,,,,,,,,,2021,4/13/2021,3.664,00,,,,,,,,,,1.11%,3.664,00,40.50,12.253,68,2.434,33,3.552,36,13%,234%,0.33%,1.66%,0.34%,5.51%,5.51%,0,1.14%,-3.63%,,,,,,,,,,,,
,,,,,,,,,,,,,,,,,,2021,4/14/2021,3.696,00,,,,,,,,,,1.10%,3.696,00,40.50,12.253,68,2.434,33,3.552,36,13%,232%,0.33%,1.66%,0.34%,4.60%,4.60%,0,1.14%,-2.79%,,,,,,,,,,,,
,,,,,,,,,,,,,,,,,,2021,4/15/2021,3.796,00,,,,,,,,,,1.07%,3.796,00,40.50,12.253,68,2.434,33,3.552,36,14%,223%,0.33%,1.66%,0.33%,1.84%,1.84%,0,1.14%,-0.16%,,,,,,,,,,,,
,,,,,,,,,,,,,,,,,,2021,4/16/2021,3.850,00,,,,,,,,,,1.05%,3.850,00,40.50,12.253,68,2.434,33,3.552,36,14%,218%,0.33%,1.66%,0.32%,0.42%,0.42%,0,1.14%,0.00%,,,,,,,,,,,,
,,,,,,,,,,,,,,,,,,2021,4/19/2021,3.870,00,,,,,,,,,,1.05%,3.870,00,40.50,12.253,68,2.434,33,3.552,36,15%,217%,0.33%,1.66%,0.32%,-0.10%,-0.10%,0,1.14%,0.00%,,,,,,,,,,,,
,,,,,,,,,,,,,,,,,,2021,4/20/2021,3.876,00,,,,,,,,,,1.04%,3.876,00,40.50,12.253,68,2.434,33,3.552,36,15%,216%,0.33%,1.66%,0.32%,-0.26%,-0.26%,0,1.14%,0.00%,,,,,,,,,,,,
,,,,,,,,,,,,,,,,,,2021,4/21/2021,3.930,00,,,,,,,,,,1.03%,3.930,00,40.50,12.253,68,2.434,33,3.552,36,15%,212%,0.33%,1.66%,0.32%,-1.63%,-1.63%,0,1.14%,0.00%,,,,,,,,,,,,
,,,,,,,,,,,,,,,,,,2021,4/22/2021,3.928,00,,,,,,,,,,1.03%,3.928,00,40.50,12.253,68,2.434,33,3.552,36,15%,212%,0.33%,1.66%,0.32%,-1.58%,-1.58%,0,1.14%,-0.05%,,,,,,,,,,,,
,,,,,,,,,,,,,,,,,,2021,4/23/2021,3.914,00,,,,,,,,,,1.03%,3.914,00,40.50,12.253,68,2.434,33,3.552,36,15%,213%,0.33%,1.66%,0.32%,-1.23%,-1.23%,0,1.14%,-0.41%,,,,,,,,,,,,
,,,,,,,,,,,,,,,,,,2021,4/26/2021,3.920,00,,,,,,,,,,1.03%,3.920,00,40.50,12.253,68,2.434,33,3.552,36,15%,213%,0.33%,1.66%,0.32%,-1.38%,-1.38%,0,1.14%,-0.25%,,,,,,,,,,,,
,,,,,,,,,,,,,,,,,,2021,4/27/2021,3.952,00,,,,,,,,,,1.02%,3.952,00,40.50,12.253,68,2.434,33,3.552,36,15%,210%,0.33%,1.66%,0.32%,-2.18%,-2.18%,0,1.14%,0.00%,,,,,,,,,,,,
,,,,,,,,,,,,,,,,,,2021,4/28/2021,3.960,00,,,,,,,,,,1.02%,3.960,00,40.50,12.253,68,2.434,33,3.552,36,16%,209%,0.33%,1.66%,0.32%,-2.37%,-2.37%,0,1.14%,0.00%,,,,,,,,,,,,
,,,,,,,,,,,,,,,,,,2021,4/29/2021,3.980,00,,,,,,,,,,1.02%,3.980,00,40.50,12.253,68,2.434,33,3.552,36,16%,208%,0.33%,1.66%,0.31%,-2.86%,-2.86%,0,1.14%,0.00%,,,,,,,,,,,,
,,,,,,,,,,,,,,,,,,2021,4/30/2021,4.034,00,,,,,,,,,,1.00%,4.034,00,40.50,12.253,68,2.434,33,3.552,36,16%,204%,0.33%,1.66%,0.31%,-4.16%,-4.16%,0,1.14%,0.00%,,,,,,,,,,,,
,,,,,,,,,,,,,,,,,,2021,5/3/2021,,,,,,,,,,,1.00%,4.034,00,40.50,12.253,68,2.434,33,3.552,36,16%,204%,0.33%,1.66%,0.31%,-4.16%,-4.16%,0,1.14%,0.00%,,,,,,,,,,,,
,,,,,,,,,,,,,,,,,,2021,5/4/2021,4.118,00,,,,,,,,,,0.98%,4.118,00,40.50,12.253,68,2.434,33,3.552,36,17%,198%,0.33%,1.66%,0.30%,-6.12%,-6.12%,0,1.14%,0.00%,,,,,,,,,,,,
,,,,,,,,,,,,,,,,,,2021,5/5/2021,4.144,00,,,,,,,,,,0.98%,4.144,00,40.50,12.253,68,2.434,33,3.552,36,17%,196%,0.33%,1.66%,0.30%,-6.71%,-6.71%,0,1.14%,0.00%,,,,,,,,,,,,
,,,,,,,,,,,,,,,,,,2021,5/6/2021,4.114,00,,,,,,,,,,0.98%,4.114,00,40.50,12.253,68,2.434,33,3.552,36,17%,198%,0.33%,1.66%,0.30%,-6.03%,-6.03%,0,1.14%,-0.72%,,,,,,,,,,,,
,,,,,,,,,,,,,,,,,,2021,5/7/2021,4.144,00,,,,,,,,,,0.98%,4.144,00,40.50,12.253,68,2.434,33,3.552,36,17%,196%,0.33%,1.66%,0.30%,-6.71%,-6.71%,0,1.14%,0.00%,,,,,,,,,,,,
,,,,,,,,,,,,,,,,,,2021,5/10/2021,4.092,00,,,,,,,,,,0.99%,4.092,00,40.50,12.253,68,2.434,33,3.552,36,17%,199%,0.33%,1.66%,0.31%,-5.52%,-5.52%,0,1.14%,-1.25%,,,,,,,,,,,,
,,,,,,,,,,,,,,,,,,2021,5/11/2021,3.990,00,,,,,,,,,,1.02%,3.990,00,40.50,12.253,68,2.434,33,3.552,36,16%,207%,0.33%,1.66%,0.31%,-3.11%,-3.11%,0,1.14%,-3.72%,,,,,,,,,,,,
,,,,,,,,,,,,,,,,,,2021,5/12/2021,3.934,00,,,,,,,,,,1.03%,3.934,00,40.50,12.253,68,2.434,33,3.552,36,15%,211%,0.33%,1.66%,0.32%,-1.73%,-1.73%,0,1.14%,-5.07%,,,,,,,,,,,,
,,,,,,,,,,,,,,,,,,2021,5/13/2021,3.930,00,,,,,,,,,,1.03%,3.930,00,40.50,12.253,68,2.434,33,3.552,36,15%,212%,0.33%,1.66%,0.32%,-1.63%,-1.63%,0,1.14%,-5.16%,,,,,,,,,,,,
,,,,,,,,,,,,,,,,,,2021,5/14/2021,3.920,00,,,,,,,,,,1.03%,3.920,00,40.50,12.253,68,2.434,33,3.552,36,15%,213%,0.33%,1.66%,0.32%,-1.38%,-1.38%,0,1.14%,-5.41%,,,,,,,,,,,,
,,,,,,,,,,,,,,,,,,2021,5/17/2021,3.950,00,,,,,,,,,,1.03%,3.950,00,40.50,12.253,68,2.434,33,3.552,36,15%,210%,0.33%,1.66%,0.32%,-2.13%,-2.13%,0,1.14%,-4.68%,,,,,,,,,,,,
,,,,,,,,,,,,,,,,,,2021,5/18/2021,3.958,00,,,,,,,,,,1.02%,3.958,00,40.50,12.253,68,2.434,33,3.552,36,16%,210%,0.33%,1.66%,0.32%,-2.32%,-2.32%,0,1.14%,-4.49%,,,,,,,,,,,,
,,,,,,,,,,,,,,,,,,2021,5/19/2021,3.958,00,,,,,,,,,,1.02%,3.958,00,40.50,12.253,68,2.434,33,3.552,36,16%,210%,0.33%,1.66%,0.32%,-2.32%,-2.32%,0,1.14%,-4.49%,,,,,,,,,,,,
,,,,,,,,,,,,,,,,,,2021,5/20/2021,4.042,00,,,,,,,,,,1.00%,4.042,00,40.50,12.253,68,2.434,33,3.552,36,16%,203%,0.33%,1.66%,0.31%,-4.35%,-4.35%,0,1.14%,-2.46%,,,,,,,,,,,,
,,,,,,,,,,,,,,,,,,2021,5/21/2021,4.040,00,,,,,,,,,,1.00%,4.040,00,40.50,12.253,68,2.434,33,3.552,36,16%,203%,0.33%,1.66%,0.31%,-4.31%,-4.31%,0,1.14%,-2.51%,,,,,,,,,,,,
,,,,,,,,,,,,,,,,,,2021,5/24/2021,4.048,00,,,,,,,,,,1.00%,4.048,00,40.50,12.253,68,2.434,33,3.552,36,16%,203%,0.33%,1.66%,0.31%,-4.50%,-4.50%,0,1.14%,-2.32%,,,,,,,,,,,,
,,,,,,,,,,,,,,,,,,2021,5/25/2021,4.116,00,,,,,,,,,,0.98%,4.116,00,40.50,12.253,68,2.434,33,3.552,36,17%,198%,0.33%,1.66%,0.30%,-6.07%,-6.07%,0,1.14%,-0.68%,,,,,,,,,,,,
,,,,,,,,,,,,,,,,,,2021,5/26/2021,4.170,00,,,,,,,,,,0.97%,4.170,00,40.50,12.253,68,2.434,33,3.552,36,18%,194%,0.33%,1.66%,0.30%,-7.29%,-7.29%,0,1.14%,0.00%,,,,,,,,,,,,
,,,,,,,,,,,,,,,,,,2021,5/27/2021,4.094,00,,,,,,,,,,0.99%,4.094,00,40.50,12.253,68,2.434,33,3.552,36,17%,199%,0.33%,1.66%,0.31%,-5.57%,-5.57%,0,1.14%,-1.82%,,,,,,,,,,,,
,,,,,,,,,,,,,,,,,,2021,5/28/2021,4.114,00,,,,,,,,,,0.98%,4.114,00,40.50,12.253,68,2.434,33,3.552,36,17%,198%,0.33%,1.66%,0.30%,-6.03%,-6.03%,0,1.14%,-1.34%,,,,,,,,,,,,
,,,,,,,,,,,,,,,,,,2021,5/31/2021,,,,,,,,,,,0.98%,4.114,00,40.50,12.253,68,2.434,33,3.552,36,17%,198%,0.33%,1.66%,0.30%,-6.03%,-6.03%,0,1.14%,-1.34%,,,,,,,,,,,,
,,,,,,,,,,,,,,,,,,2021,6/1/2021,4.166,00,,,,,,,,,,0.97%,4.166,00,40.50,12.253,68,2.434,33,3.552,36,18%,194%,0.33%,1.66%,0.30%,-7.20%,-7.20%,0,1.14%,-0.10%,,,,,,,,,,,,
,,,,,,,,,,,,,,,,,,2021,6/2/2021,4.142,00,,,,,,,,,,0.98%,4.142,00,40.50,12.253,68,2.434,33,3.552,36,17%,196%,0.33%,1.66%,0.30%,-6.66%,-6.66%,0,1.14%,-0.67%,,,,,,,,,,,,
,,,,,,,,,,,,,,,,,,2021,6/3/2021,4.118,00,,,,,,,,,,0.98%,4.118,00,40.50,12.253,68,2.434,33,3.552,36,17%,198%,0.33%,1.66%,0.30%,-6.12%,-6.12%,0,1.14%,-1.25%,,,,,,,,,,,,
,,,,,,,,,,,,,,,,,,2021,6/4/2021,4.156,00,,,,,,,,,,0.97%,4.156,00,40.50,12.253,68,2.434,33,3.552,36,18%,195%,0.33%,1.66%,0.30%,-6.98%,-6.98%,0,1.14%,-0.34%,,,,,,,,,,,,
,,,,,,,,,,,,,,,,,,2021,6/7/2021,4.156,00,,,,,,,,,,0.97%,4.156,00,40.50,12.253,68,2.434,33,3.552,36,18%,195%,0.33%,1.66%,0.30%,-6.98%,-6.98%,0,1.14%,-0.34%,,,,,,,,,,,,
,,,,,,,,,,,,,,,,,,2021,6/8/2021,4.252,00,,,,,,,,,,0.95%,4.252,00,40.50,12.253,68,2.434,33,3.552,36,19%,188%,0.33%,1.66%,0.29%,-9.08%,-9.08%,0,1.14%,0.00%,,,,,,,,,,,,
,,,,,,,,,,,,,,,,,,2021,6/9/2021,4.276,00,,,,,,,,,,0.95%,4.276,00,40.50,12.253,68,2.434,33,3.552,36,19%,187%,0.33%,1.66%,0.29%,-9.59%,-9.59%,0,1.14%,0.00%,,,,,,,,,,,,
,,,,,,,,,,,,,,,,,,2021,6/10/2021,4.274,00,,,,,,,,,,0.95%,4.274,00,40.50,12.253,68,2.434,33,3.552,36,19%,187%,0.33%,1.66%,0.29%,-9.55%,-9.55%,0,1.14%,-0.05%,,,,,,,,,,,,
,,,,,,,,,,,,,,,,,,2021,6/11/2021,4.268,00,,,,,,,,,,0.95%,4.268,00,40.50,12.253,68,2.434,33,3.552,36,19%,187%,0.33%,1.66%,0.29%,-9.42%,-9.42%,0,1.14%,-0.19%,,,,,,,,,,,,
,,,,,,,,,,,,,,,,,,2021,6/14/2021,4.316,00,,,,,,,,,,0.94%,4.316,00,40.50,12.253,68,2.434,33,3.552,36,19%,184%,0.33%,1.66%,0.29%,-10.43%,-10.43%,0,1.14%,0.00%,,,,,,,,,,,,
,,,,,,,,,,,,,,,,,,2021,6/15/2021,4.340,00,,,,,,,,,,0.93%,4.340,00,40.50,12.253,68,2.434,33,3.552,36,19%,182%,0.33%,1.66%,0.29%,-10.92%,-10.92%,0,1.14%,0.00%,,,,,,,,,,,,
,,,,,,,,,,,,,,,,,,2021,6/16/2021,4.338,00,,,,,,,,,,0.93%,4.338,00,40.50,12.253,68,2.434,33,3.552,36,19%,182%,0.33%,1.66%,0.29%,-10.88%,-10.88%,0,1.14%,-0.05%,,,,,,,,,,,,
,,,,,,,,,,,,,,,,,,2021,6/17/2021,4.356,00,,,,,,,,,,0.93%,4.356,00,40.50,12.253,68,2.434,33,3.552,36,20%,181%,0.33%,1.66%,0.29%,-11.25%,-11.25%,0,1.14%,0.00%,,,,,,,,,,,,
,,,,,,,,,,,,,,,,,,2021,6/18/2021,4.326,00,,,,,,,,,,0.94%,4.326,00,40.50,12.253,68,2.434,33,3.552,36,19%,183%,0.33%,1.66%,0.29%,-10.63%,-10.63%,0,1.14%,-0.69%,,,,,,,,,,,,
,,,,,,,,,,,,,,,,,,2021,6/21/2021,4.320,00,,,,,,,,,,0.94%,4.320,00,40.50,12.253,68,2.434,33,3.552,36,19%,184%,0.33%,1.66%,0.29%,-10.51%,-10.51%,0,1.14%,-0.83%,,,,,,,,,,,,
,,,,,,,,,,,,,,,,,,2021,6/22/2021,4.348,00,,,,,,,,,,0.93%,4.348,00,40.50,12.253,68,2.434,33,3.552,36,19%,182%,0.33%,1.66%,0.29%,-11.09%,-11.09%,0,1.14%,-0.18%,,,,,,,,,,,,
,,,,,,,,,,,,,,,,,,2021,6/23/2021,4.302,00,,,,,,,,,,0.94%,4.302,00,40.50,12.253,68,2.434,33,3.552,36,19%,185%,0.33%,1.66%,0.29%,-10.13%,-10.13%,0,1.14%,-1.24%,,,,,,,,,,,,
,,,,,,,,,,,,,,,,,,2021,6/24/2021,4.314,00,,,,,,,,,,0.94%,4.314,00,40.50,12.253,68,2.434,33,3.552,36,19%,184%,0.33%,1.66%,0.29%,-10.38%,-10.38%,0,1.14%,-0.96%,,,,,,,,,,,,
,,,,,,,,,,,,,,,,,,2021,6/25/2021,4.330,00,,,,,,,,,,0.94%,4.330,00,40.50,12.253,68,2.434,33,3.552,36,19%,183%,0.33%,1.66%,0.29%,-10.72%,-10.72%,0,1.14%,-0.60%,,,,,,,,,,,,
,,,,,,,,,,,,,,,,,,2021,6/28/2021,4.334,00,,,,,,,,,,0.93%,4.334,00,40.50,12.253,68,2.434,33,3.552,36,19%,183%,0.33%,1.66%,0.29%,-10.80%,-10.80%,0,1.14%,-0.51%,,,,,,,,,,,,
,,,,,,,,,,,,,,,,,,2021,6/29/2021,4.352,00,,,,,,,,,,0.93%,4.352,00,40.50,12.253,68,2.434,33,3.552,36,20%,182%,0.33%,1.66%,0.29%,-11.17%,-11.17%,0,1.14%,-0.09%,,,,,,,,,,,,
,,,,,,,,,,,,,,,,,,2021,6/30/2021,4.370,00,,,,,,,,,,0.93%,4.370,00,40.50,12.253,68,2.434,33,3.552,36,20%,180%,0.33%,1.66%,0.29%,-11.53%,-11.53%,0,1.14%,0.00%,,,,,,,,,,,,
,,,,,,,,,,,,,,,,,,2021,7/1/2021,4.376,00,,,,,,,,,,0.93%,4.376,00,40.50,12.253,68,2.434,33,3.552,36,20%,180%,0.33%,1.66%,0.29%,-11.65%,-11.65%,0,1.14%,0.00%,,,,,,,,,,,,
,,,,,,,,,,,,,,,,,,2021,7/2/2021,4.408,00,,,,,,,,,,0.92%,4.408,00,40.50,12.253,68,2.434,33,3.552,36,20%,178%,0.33%,1.66%,0.28%,-12.30%,-12.30%,0,1.14%,0.00%,,,,,,,,,,,,
,,,,,,,,,,,,,,,,,,2021,7/5/2021,4.394,00,,,,,,,,,,0.92%,4.394,00,40.50,12.253,68,2.434,33,3.552,36,20%,179%,0.33%,1.66%,0.28%,-12.02%,-12.02%,0,1.14%,-0.32%,,,,,,,,,,,,
,,,,,,,,,,,,,,,,,,2021,7/6/2021,4.494,00,,,,,,,,,,0.90%,4.494,00,40.50,12.253,68,2.434,33,3.552,36,21%,173%,0.33%,1.66%,0.28%,-13.97%,-13.97%,0,1.14%,0.00%,,,,,,,,,,,,
,,,,,,,,,,,,,,,,,,2021,7/7/2021,4.564,00,,,,,,,,,,0.89%,4.564,00,40.50,12.253,68,2.434,33,3.552,36,22%,168%,0.33%,1.66%,0.27%,-15.29%,-15.29%,0,1.14%,0.00%,,,,,,,,,,,,
,,,,,,,,,,,,,,,,,,2021,7/8/2021,4.534,00,,,,,,,,,,0.89%,4.534,00,40.50,12.253,68,2.434,33,3.552,36,21%,170%,0.33%,1.66%,0.28%,-14.73%,-14.73%,0,1.14%,-0.66%,,,,,,,,,,,,
,,,,,,,,,,,,,,,,,,2021,7/9/2021,4.572,00,,,,,,,,,,0.89%,4.572,00,40.50,12.253,68,2.434,33,3.552,36,22%,168%,0.33%,1.66%,0.27%,-15.44%,-15.44%,0,1.14%,0.00%,,,,,,,,,,,,
,,,,,,,,,,,,,,,,,,2021,7/12/2021,4.634,00,,,,,,,,,,0.87%,4.634,00,40.50,12.253,68,2.434,33,3.552,36,22%,164%,0.33%,1.66%,0.27%,-16.57%,-16.57%,0,1.14%,0.00%,,,,,,,,,,,,
,,,,,,,,,,,,,,,,,,2021,7/13/2021,4.716,00,,,,,,,,,,0.86%,4.716,00,40.50,12.253,68,2.434,33,3.552,36,23%,160%,0.33%,1.66%,0.27%,-18.02%,-18.02%,0,1.14%,0.00%,,,,,,,,,,,,
,,,,,,,,,,,,,,,,,,2021,7/14/2021,4.678,00,,,,,,,,,,0.87%,4.678,00,40.50,12.253,68,2.434,33,3.552,36,23%,162%,0.33%,1.66%,0.27%,-17.36%,-17.36%,0,1.14%,-0.81%,,,,,,,,,,,,
,,,,,,,,,,,,,,,,,,2021,7/15/2021,4.746,00,,,,,,,,,,0.85%,4.746,00,40.50,12.253,68,2.434,33,3.552,36,24%,158%,0.33%,1.66%,0.26%,-18.54%,-18.54%,0,1.14%,0.00%,,,,,,,,,,,,
,,,,,,,,,,,,,,,,,,2021,7/16/2021,4.784,00,,,,,,,,,,0.85%,4.784,00,40.50,12.253,68,2.434,33,3.552,36,24%,156%,0.33%,1.66%,0.26%,-19.19%,-19.19%,0,1.14%,0.00%,,,,,,,,,,,,
,,,,,,,,,,,,,,,,,,2021,7/19/2021,4.780,00,,,,,,,,,,0.85%,4.780,00,40.50,12.253,68,2.434,33,3.552,36,24%,156%,0.33%,1.66%,0.26%,-19.12%,-19.12%,0,1.14%,-0.08%,,,,,,,,,,,,
,,,,,,,,,,,,,,,,,,2021,7/20/2021,4.746,00,,,,,,,,,,0.85%,4.746,00,40.50,12.253,68,2.434,33,3.552,36,24%,158%,0.33%,1.66%,0.26%,-18.54%,-18.54%,0,1.14%,-0.79%,,,,,,,,,,,,
,,,,,,,,,,,,,,,,,,2021,7/21/2021,4.788,00,,,,,,,,,,0.85%,4.788,00,40.50,12.253,68,2.434,33,3.552,36,24%,156%,0.33%,1.66%,0.26%,-19.26%,-19.26%,0,1.14%,0.00%,,,,,,,,,,,,
,,,,,,,,,,,,,,,,,,2021,7/22/2021,4.880,00,,,,,,,,,,0.83%,4.880,00,40.50,12.253,68,2.434,33,3.552,36,25%,151%,0.33%,1.66%,0.26%,-20.78%,-20.78%,0,1.14%,0.00%,,,,,,,,,,,,
,,,,,,,,,,,,,,,,,,2021,7/23/2021,4.914,00,,,,,,,,,,0.82%,4.914,00,40.50,12.253,68,2.434,33,3.552,36,25%,149%,0.33%,1.66%,0.25%,-21.33%,-21.33%,0,1.14%,0.00%,,,,,,,,,,,,
,,,,,,,,,,,,,,,,,,2021,7/26/2021,4.840,00,,,,,,,,,,0.84%,4.840,00,40.50,12.253,68,2.434,33,3.552,36,24%,153%,0.33%,1.66%,0.26%,-20.12%,-20.12%,0,1.14%,-1.51%,,,,,,,,,,,,
,,,,,,,,,,,,,,,,,,2021,7/27/2021,4.868,00,,,,,,,,,,0.83%,4.868,00,40.50,12.253,68,2.434,33,3.552,36,25%,152%,0.33%,1.66%,0.26%,-20.58%,-20.58%,0,1.14%,-0.94%,,,,,,,,,,,,
,,,,,,,,,,,,,,,,,,2021,7/28/2021,4.902,00,,,,,,,,,,0.83%,4.902,00,40.50,12.253,68,2.434,33,3.552,36,25%,150%,0.33%,1.66%,0.25%,-21.13%,-21.13%,0,1.14%,-0.24%,,,,,,,,,,,,
,,,,,,,,,,,,,,,,,,2021,7/29/2021,4.914,00,,,,,,,,,,0.82%,4.914,00,40.50,12.253,68,2.434,33,3.552,36,25%,149%,0.33%,1.66%,0.25%,-21.33%,-21.33%,0,1.14%,0.00%,,,,,,,,,,,,
,,,,,,,,,,,,,,,,,,2021,7/30/2021,4.970,00,,,,,,,,,,0.81%,4.970,00,40.50,12.253,68,2.434,33,3.552,36,26%,147%,0.33%,1.66%,0.25%,-22.21%,-22.21%,0,1.14%,0.00%,,,,,,,,,,,,
,,,,,,,,,,,,,,,,,,2021,8/2/2021,5.035,00,,,,,,,,,,0.80%,5.035,00,40.50,12.253,68,2.434,33,3.552,36,26%,143%,0.33%,1.66%,0.25%,-23.22%,-23.22%,0,1.14%,0.00%,,,,,,,,,,,,
,,,,,,,,,,,,,,,,,,2021,8/3/2021,5.070,00,,,,,,,,,,0.80%,5.070,00,40.50,12.253,68,2.434,33,3.552,36,27%,142%,0.33%,1.66%,0.25%,-23.75%,-23.75%,0,1.14%,0.00%,,,,,,,,,,,,
,,,,,,,,,,,,,,,,,,2021,8/4/2021,5.030,00,,,,,,,,,,0.81%,5.030,00,40.50,12.253,68,2.434,33,3.552,36,26%,144%,0.33%,1.66%,0.25%,-23.14%,-23.14%,0,1.14%,-0.79%,,,,,,,,,,,,
,,,,,,,,,,,,,,,,,,2021,8/5/2021,5.040,00,,,,,,,,,,0.80%,5.040,00,40.50,12.253,68,2.434,33,3.552,36,27%,143%,0.33%,1.66%,0.25%,-23.29%,-23.29%,0,1.14%,-0.59%,,,,,,,,,,,,
,,,,,,,,,,,,,,,,,,2021,8/6/2021,4.992,00,,,,,,,,,,0.81%,4.992,00,40.50,12.253,68,2.434,33,3.552,36,26%,145%,0.33%,1.66%,0.25%,-22.56%,-22.56%,0,1.14%,-1.54%,,,,,,,,,,,,
,,,,,,,,,,,,,,,,,,2021,8/9/2021,5.005,00,,,,,,,,,,0.81%,5.005,00,40.50,12.253,68,2.434,33,3.552,36,26%,145%,0.33%,1.66%,0.25%,-22.76%,-22.76%,0,1.14%,-1.28%,,,,,,,,,,,,
,,,,,,,,,,,,,,,,,,2021,8/10/2021,4.998,00,,,,,,,,,,0.81%,4.998,00,40.50,12.253,68,2.434,33,3.552,36,26%,145%,0.33%,1.66%,0.25%,-22.65%,-22.65%,0,1.14%,-1.42%,,,,,,,,,,,,
,,,,,,,,,,,,,,,,,,2021,8/11/2021,5.065,00,,,,,,,,,,0.80%,5.065,00,40.50,12.253,68,2.434,33,3.552,36,27%,142%,0.33%,1.66%,0.25%,-23.67%,-23.67%,0,1.14%,-0.10%,,,,,,,,,,,,
,,,,,,,,,,,,,,,,,,2021,8/12/2021,5.100,00,,,,,,,,,,0.79%,5.100,00,40.50,12.253,68,2.434,33,3.552,36,27%,140%,0.33%,1.66%,0.25%,-24.20%,-24.20%,0,1.14%,0.00%,,,,,,,,,,,,
,,,,,,,,,,,,,,,,,,2021,8/13/2021,5.120,00,,,,,,,,,,0.79%,5.120,00,40.50,12.253,68,2.434,33,3.552,36,27%,139%,0.33%,1.66%,0.24%,-24.49%,-24.49%,0,1.14%,0.00%,,,,,,,,,,,,
,,,,,,,,,,,,,,,,,,2021,8/16/2021,5.170,00,,,,,,,,,,0.78%,5.170,00,40.50,12.253,68,2.434,33,3.552,36,28%,137%,0.33%,1.66%,0.24%,-25.22%,-25.22%,0,1.14%,0.00%,,,,,,,,,,,,
,,,,,,,,,,,,,,,,,,2021,8/17/2021,5.240,00,,,,,,,,,,0.77%,5.240,00,40.50,12.253,68,2.434,33,3.552,36,29%,134%,0.33%,1.66%,0.24%,-26.22%,-26.22%,0,1.14%,0.00%,,,,,,,,,,,,
,,,,,,,,,,,,,,,,,,2021,8/18/2021,5.280,00,,,,,,,,,,0.77%,5.280,00,40.50,12.253,68,2.434,33,3.552,36,29%,132%,0.33%,1.66%,0.24%,-26.78%,-26.78%,0,1.14%,0.00%,,,,,,,,,,,,
,,,,,,,,,,,,,,,,,,2021,8/19/2021,5.300,00,,,,,,,,,,0.76%,5.300,00,40.50,12.253,68,2.434,33,3.552,36,29%,131%,0.33%,1.66%,0.24%,-27.06%,-27.06%,0,1.14%,0.00%,,,,,,,,,,,,
,,,,,,,,,,,,,,,,,,2021,8/20/2021,5.345,00,,,,,,,,,,0.76%,5.345,00,40.50,12.253,68,2.434,33,3.552,36,30%,129%,0.33%,1.66%,0.23%,-27.67%,-27.67%,0,1.14%,0.00%,,,,,,,,,,,,
,,,,,,,,,,,,,,,,,,2021,8/23/2021,5.405,00,,,,,,,,,,0.75%,5.405,00,40.50,12.253,68,2.434,33,3.552,36,30%,127%,0.33%,1.66%,0.23%,-28.47%,-28.47%,0,1.14%,0.00%,,,,,,,,,,,,
,,,,,,,,,,,,,,,,,,2021,8/24/2021,5.270,00,,,,,,,,,,0.77%,5.270,00,40.50,12.253,68,2.434,33,3.552,36,29%,133%,0.33%,1.66%,0.24%,-26.64%,-26.64%,0,1.14%,-2.50%,,,,,,,,,,,,
,,,,,,,,,,,,,,,,,,2021,8/25/2021,5.275,00,,,,,,,,,,0.77%,5.275,00,40.50,12.253,68,2.434,33,3.552,36,29%,132%,0.33%,1.66%,0.24%,-26.71%,-26.71%,0,1.14%,-2.41%,,,,,,,,,,,,
,,,,,,,,,,,,,,,,,,2021,8/26/2021,5.265,00,,,,,,,,,,0.77%,5.265,00,40.50,12.253,68,2.434,33,3.552,36,29%,133%,0.33%,1.66%,0.24%,-26.57%,-26.57%,0,1.14%,-2.59%,,,,,,,,,,,,
,,,,,,,,,,,,,,,,,,2021,8/27/2021,5.225,00,,,,,,,,,,0.78%,5.225,00,40.50,12.253,68,2.434,33,3.552,36,28%,135%,0.33%,1.66%,0.24%,-26.01%,-26.01%,0,1.14%,-3.33%,,,,,,,,,,,,
,,,,,,,,,,,,,,,,,,2021,8/30/2021,,,,,,,,,,,0.78%,5.225,00,40.50,12.253,68,2.434,33,3.552,36,28%,135%,0.33%,1.66%,0.24%,-26.01%,-26.01%,0,1.14%,-3.33%,,,,,,,,,,,,
,,,,,,,,,,,,,,,,,,2021,8/31/2021,5.240,00,,,,,,,,,,0.77%,5.240,00,40.50,12.253,68,2.434,33,3.552,36,29%,134%,0.33%,1.66%,0.24%,-26.22%,-26.22%,0,1.14%,-3.05%,,,,,,,,,,,,
,,,,,,,,,,,,,,,,,,2021,9/1/2021,5.240,00,,,,,,,,,,0.77%,5.240,00,40.50,12.253,68,2.434,33,3.552,36,29%,134%,0.33%,1.66%,0.24%,-26.22%,-26.22%,0,1.14%,-3.05%,,,,,,,,,,,,
,,,,,,,,,,,,,,,,,,2021,9/2/2021,5.280,00,,,,,,,,,,0.77%,5.280,00,40.50,12.253,68,2.434,33,3.552,36,29%,132%,0.33%,1.66%,0.24%,-26.78%,-26.78%,0,1.14%,-2.31%,,,,,,,,,,,,
,,,,,,,,,,,,,,,,,,2021,9/3/2021,5.085,00,,,,,,,,,,0.80%,5.085,00,40.50,12.253,68,2.434,33,3.552,36,27%,141%,0.33%,1.66%,0.25%,-23.97%,-23.97%,0,1.14%,-5.92%,,,,,,,,,,,,
,,,,,,,,,,,,,,,,,,2021,9/6/2021,4.918,00,,,,,,,,,,0.82%,4.918,00,40.50,12.253,68,2.434,33,3.552,36,25%,149%,0.33%,1.66%,0.25%,-21.39%,-21.39%,0,1.14%,-9.01%,,,,,,,,,,,,
,,,,,,,,,,,,,,,,,,2021,9/7/2021,4.832,00,,,,,,,,,,0.84%,4.832,00,40.50,12.253,68,2.434,33,3.552,36,24%,154%,0.33%,1.66%,0.26%,-19.99%,-19.99%,0,1.14%,-10.60%,,,,,,,,,,,,
,,,,,,,,,,,,,,,,,,2021,9/8/2021,4.894,00,,,,,,,,,,0.83%,4.894,00,40.50,12.253,68,2.434,33,3.552,36,25%,150%,0.33%,1.66%,0.26%,-21.01%,-21.01%,0,1.14%,-9.45%,,,,,,,,,,,,
,,,,,,,,,,,,,,,,,,2021,9/9/2021,4.980,00,,,,,,,,,,0.81%,4.980,00,40.50,12.253,68,2.434,33,3.552,36,26%,146%,0.33%,1.66%,0.25%,-22.37%,-22.37%,0,1.14%,-7.86%,,,,,,,,,,,,
,,,,,,,,,,,,,,,,,,2021,9/10/2021,4.974,00,,,,,,,,,,0.81%,4.974,00,40.50,12.253,68,2.434,33,3.552,36,26%,146%,0.33%,1.66%,0.25%,-22.28%,-22.28%,0,1.14%,-7.97%,,,,,,,,,,,,
,,,,,,,,,,,,,,,,,,2021,9/13/2021,4.908,00,,,,,,,,,,0.83%,4.908,00,40.50,12.253,68,2.434,33,3.552,36,25%,150%,0.33%,1.66%,0.25%,-21.23%,-21.23%,0,1.14%,-9.20%,,,,,,,,,,,,
,,,,,,,,,,,,,,,,,,2021,9/14/2021,4.950,00,,,,,,,,,,0.82%,4.950,00,40.50,12.253,68,2.434,33,3.552,36,26%,148%,0.33%,1.66%,0.25%,-21.90%,-21.90%,0,1.14%,-8.42%,,,,,,,,,,,,
,,,,,,,,,,,,,,,,,,2021,9/15/2021,4.870,00,,,,,,,,,,0.83%,4.870,00,40.50,12.253,68,2.434,33,3.552,36,25%,152%,0.33%,1.66%,0.26%,-20.62%,-20.62%,0,1.14%,-9.90%,,,,,,,,,,,,
,,,,,,,,,,,,,,,,,,2021,9/16/2021,4.976,00,,,,,,,,,,0.81%,4.976,00,40.50,12.253,68,2.434,33,3.552,36,26%,146%,0.33%,1.66%,0.25%,-22.31%,-22.31%,0,1.14%,-7.94%,,,,,,,,,,,,
,,,,,,,,,,,,,,,,,,2021,9/17/2021,5.130,00,,,,,,,,,,0.79%,5.130,00,40.50,12.253,68,2.434,33,3.552,36,27%,139%,0.33%,1.66%,0.24%,-24.64%,-24.64%,0,1.14%,-5.09%,,,,,,,,,,,,
,,,,,,,,,,,,,,,,,,2021,9/20/2021,5.130,00,,,,,,,,,,0.79%,5.130,00,40.50,12.253,68,2.434,33,3.552,36,27%,139%,0.33%,1.66%,0.24%,-24.64%,-24.64%,0,1.14%,-5.09%,,,,,,,,,,,,
,,,,,,,,,,,,,,,,,,2021,9/21/2021,5.300,00,,,,,,,,,,0.76%,5.300,00,40.50,12.253,68,2.434,33,3.552,36,29%,131%,0.33%,1.66%,0.24%,-27.06%,-27.06%,0,1.14%,-1.94%,,,,,,,,,,,,
,,,,,,,,,,,,,,,,,,2021,9/22/2021,5.300,00,,,,,,,,,,0.76%,5.300,00,40.50,12.253,68,2.434,33,3.552,36,29%,131%,0.33%,1.66%,0.24%,-27.06%,-27.06%,0,1.14%,-1.94%,,,,,,,,,,,,
,,,,,,,,,,,,,,,,,,2021,9/23/2021,5.225,00,,,,,,,,,,0.78%,5.225,00,40.50,12.253,68,2.434,33,3.552,36,28%,135%,0.33%,1.66%,0.24%,-26.01%,-26.01%,0,1.14%,-3.33%,,,,,,,,,,,,
,,,,,,,,,,,,,,,,,,2021,9/24/2021,5.170,00,,,,,,,,,,0.78%,5.170,00,40.50,12.253,68,2.434,33,3.552,36,28%,137%,0.33%,1.66%,0.24%,-25.22%,-25.22%,0,1.14%,-4.35%,,,,,,,,,,,,
,,,,,,,,,,,,,,,,,,2021,9/27/2021,4.826,00,,,,,,,,,,0.84%,4.826,00,40.50,12.253,68,2.434,33,3.552,36,24%,154%,0.33%,1.66%,0.26%,-19.89%,-19.89%,0,1.14%,-10.71%,,,,,,,,,,,,
,,,,,,,,,,,,,,,,,,2021,9/28/2021,4.728,00,,,,,,,,,,0.86%,4.728,00,40.50,12.253,68,2.434,33,3.552,36,23%,159%,0.33%,1.66%,0.26%,-18.23%,-18.23%,0,1.14%,-12.53%,,,,,,,,,,,,
,,,,,,,,,,,,,,,,,,2021,9/29/2021,4.750,00,,,,,,,,,,0.85%,4.750,00,40.50,12.253,68,2.434,33,3.552,36,24%,158%,0.33%,1.66%,0.26%,-18.61%,-18.61%,0,1.14%,-12.12%,,,,,,,,,,,,
,,,,,,,,,,,,,,,,,,2021,9/30/2021,4.850,00,,,,,,,,,,0.84%,4.850,00,40.50,12.253,68,2.434,33,3.552,36,25%,153%,0.33%,1.66%,0.26%,-20.29%,-20.29%,0,1.14%,-10.27%,,,,,,,,,,,,
,,,,,,,,,,,,,,,,,,2021,10/1/2021,4.804,00,,,,,,,,,,0.84%,4.804,00,40.50,12.253,68,2.434,33,3.552,36,24%,155%,0.33%,1.66%,0.26%,-19.53%,-19.53%,0,1.14%,-11.12%,,,,,,,,,,,,
,,,,,,,,,,,,,,,,,,2021,10/4/2021,4.722,00,,,,,,,,,,0.86%,4.722,00,40.50,12.253,68,2.434,33,3.552,36,23%,160%,0.33%,1.66%,0.26%,-18.13%,-18.13%,0,1.14%,-12.64%,,,,,,,,,,,,
,,,,,,,,,,,,,,,,,,2021,10/5/2021,4.828,00,,,,,,,,,,0.84%,4.828,00,40.50,12.253,68,2.434,33,3.552,36,24%,154%,0.33%,1.66%,0.26%,-19.93%,-19.93%,0,1.14%,-10.68%,,,,,,,,,,,,
,,,,,,,,,,,,,,,,,,2021,10/6/2021,4.792,00,,,,,,,,,,0.85%,4.792,00,40.50,12.253,68,2.434,33,3.552,36,24%,156%,0.33%,1.66%,0.26%,-19.32%,-19.32%,0,1.14%,-11.34%,,,,,,,,,,,,
,,,,,,,,,,,,,,,,,,2021,10/7/2021,4.706,00,,,,,,,,,,0.86%,4.706,00,40.50,12.253,68,2.434,33,3.552,36,23%,160%,0.33%,1.66%,0.27%,-17.85%,-17.85%,0,1.14%,-12.93%,,,,,,,,,,,,
,,,,,,,,,,,,,,,,,,2021,10/8/2021,4.630,00,,,,,,,,,,0.87%,4.630,00,40.50,12.253,68,2.434,33,3.552,36,22%,165%,0.33%,1.66%,0.27%,-16.50%,-16.50%,0,1.14%,-14.34%,,,,,,,,,,,,
,,,,,,,,,,,,,,,,,,2021,10/11/2021,4.488,00,,,,,,,,,,0.90%,4.488,00,40.50,12.253,68,2.434,33,3.552,36,21%,173%,0.33%,1.66%,0.28%,-13.86%,-13.86%,0,1.14%,-16.97%,,,,,,,,,,,,
,,,,,,,,,,,,,,,,,,2021,10/12/2021,4.606,00,,,,,,,,,,0.88%,4.606,00,40.50,12.253,68,2.434,33,3.552,36,22%,166%,0.33%,1.66%,0.27%,-16.07%,-16.07%,0,1.14%,-14.78%,,,,,,,,,,,,
,,,,,,,,,,,,,,,,,,2021,10/13/2021,4.756,00,,,,,,,,,,0.85%,4.756,00,40.50,12.253,68,2.434,33,3.552,36,24%,158%,0.33%,1.66%,0.26%,-18.71%,-18.71%,0,1.14%,-12.01%,,,,,,,,,,,,
,,,,,,,,,,,,,,,,,,2021,10/14/2021,4.824,00,,,,,,,,,,0.84%,4.824,00,40.50,12.253,68,2.434,33,3.552,36,24%,154%,0.33%,1.66%,0.26%,-19.86%,-19.86%,0,1.14%,-10.75%,,,,,,,,,,,,
,,,,,,,,,,,,,,,,,,2021,10/15/2021,4.852,00,,,,,,,,,,0.83%,4.852,00,40.50,12.253,68,2.434,33,3.552,36,25%,153%,0.33%,1.66%,0.26%,-20.32%,-20.32%,0,1.14%,-10.23%,,,,,,,,,,,,
,,,,,,,,,,,,,,,,,,2021,10/18/2021,4.880,00,,,,,,,,,,0.83%,4.880,00,40.50,12.253,68,2.434,33,3.552,36,25%,151%,0.33%,1.66%,0.26%,-20.78%,-20.78%,0,1.14%,-9.71%,,,,,,,,,,,,
,,,,,,,,,,,,,,,,,,2021,10/19/2021,4.982,00,,,,,,,,,,0.81%,4.982,00,40.50,12.253,68,2.434,33,3.552,36,26%,146%,0.33%,1.66%,0.25%,-22.40%,-22.40%,0,1.14%,-7.83%,,,,,,,,,,,,
,,,,,,,,,,,,,,,,,,2021,10/20/2021,5.030,00,,,,,,,,,,0.81%,5.030,00,40.50,12.253,68,2.434,33,3.552,36,26%,144%,0.33%,1.66%,0.25%,-23.14%,-23.14%,0,1.14%,-6.94%,,,,,,,,,,,,
,,,,,,,,,,,,,,,,,,2021,10/21/2021,5.140,00,,,,,,,,,,0.79%,5.140,00,40.50,12.253,68,2.434,33,3.552,36,28%,138%,0.33%,1.66%,0.24%,-24.79%,-24.79%,0,1.14%,-4.90%,,,,,,,,,,,,
,,,,,,,,,,,,,,,,,,2021,10/22/2021,5.095,00,,,,,,,,,,0.79%,5.095,00,40.50,12.253,68,2.434,33,3.552,36,27%,141%,0.33%,1.66%,0.25%,-24.12%,-24.12%,0,1.14%,-5.74%,,,,,,,,,,,,
,,,,,,,,,,,,,,,,,,2021,10/25/2021,5.150,00,,,,,,,,,,0.79%,5.150,00,40.50,12.253,68,2.434,33,3.552,36,28%,138%,0.33%,1.66%,0.24%,-24.93%,-24.93%,0,1.14%,-4.72%,,,,,,,,,,,,
,,,,,,,,,,,,,,,,,,2021,10/26/2021,5.225,00,,,,,,,,,,0.78%,5.225,00,40.50,12.253,68,2.434,33,3.552,36,28%,135%,0.33%,1.66%,0.24%,-26.01%,-26.01%,0,1.14%,-3.33%,,,,,,,,,,,,
,,,,,,,,,,,,,,,,,,2021,10/27/2021,5.145,00,,,,,,,,,,0.79%,5.145,00,40.50,12.253,68,2.434,33,3.552,36,28%,138%,0.33%,1.66%,0.24%,-24.86%,-24.86%,0,1.14%,-4.81%,,,,,,,,,,,,
,,,,,,,,,,,,,,,,,,2021,10/28/2021,5.155,00,,,,,,,,,,0.79%,5.155,00,40.50,12.253,68,2.434,33,3.552,36,28%,138%,0.33%,1.66%,0.24%,-25.00%,-25.00%,0,1.14%,-4.63%,,,,,,,,,,,,
,,,,,,,,,,,,,,,,,,2021,10/29/2021,5.120,00,,,,,,,,,,0.79%,5.120,00,40.50,12.253,68,2.434,33,3.552,36,27%,139%,0.33%,1.66%,0.24%,-24.49%,-24.49%,0,1.14%,-5.27%,,,,,,,,,,,,
,,,,,,,,,,,,,,,,,,2021,11/1/2021,5.110,00,,,,,,,,,,0.79%,5.110,00,40.50,12.253,68,2.434,33,3.552,36,27%,140%,0.33%,1.66%,0.24%,-24.34%,-24.34%,0,1.14%,-5.46%,,,,,,,,,,,,
,,,,,,,,,,,,,,,,,,2021,11/2/2021,5.080,00,,,,,,,,,,0.80%,5.080,00,40.50,12.253,68,2.434,33,3.552,36,27%,141%,0.33%,1.66%,0.25%,-23.90%,-23.90%,0,1.14%,-6.01%,,,,,,,,,,,,
,,,,,,,,,,,,,,,,,,2021,11/3/2021,5.015,00,,,,,,,,,,0.81%,5.015,00,40.50,12.253,68,2.434,33,3.552,36,26%,144%,0.33%,1.66%,0.25%,-22.91%,-22.91%,0,1.14%,-7.22%,,,,,,,,,,,,
,,,,,,,,,,,,,,,,,,2021,11/4/2021,5.015,00,,,,,,,,,,0.81%,5.015,00,40.50,12.253,68,2.434,33,3.552,36,26%,144%,0.33%,1.66%,0.25%,-22.91%,-22.91%,0,1.14%,-7.22%,,,,,,,,,,,,
,,,,,,,,,,,,,,,,,,2021,11/5/2021,4.926,00,,,,,,,,,,0.82%,4.926,00,40.50,12.253,68,2.434,33,3.552,36,25%,149%,0.33%,1.66%,0.25%,-21.52%,-21.52%,0,1.14%,-8.86%,,,,,,,,,,,,
,,,,,,,,,,,,,,,,,,2021,11/8/2021,4.946,00,,,,,,,,,,0.82%,4.946,00,40.50,12.253,68,2.434,33,3.552,36,26%,148%,0.33%,1.66%,0.25%,-21.84%,-21.84%,0,1.14%,-8.49%,,,,,,,,,,,,
,,,,,,,,,,,,,,,,,,2021,11/9/2021,4.850,00,,,,,,,,,,0.84%,4.850,00,40.50,12.253,68,2.434,33,3.552,36,25%,153%,0.33%,1.66%,0.26%,-20.29%,-20.29%,0,1.14%,-10.27%,,,,,,,,,,,,
,,,,,,,,,,,,,,,,,,2021,11/10/2021,4.818,00,,,,,,,,,,0.84%,4.818,00,40.50,12.253,68,2.434,33,3.552,36,24%,154%,0.33%,1.66%,0.26%,-19.76%,-19.76%,0,1.14%,-10.86%,,,,,,,,,,,,
,,,,,,,,,,,,,,,,,,2021,11/11/2021,5.020,00,,,,,,,,,,0.81%,5.020,00,40.50,12.253,68,2.434,33,3.552,36,26%,144%,0.33%,1.66%,0.25%,-22.99%,-22.99%,0,1.14%,-7.12%,,,,,,,,,,,,
,,,,,,,,,,,,,,,,,,2021,11/12/2021,5.150,00,,,,,,,,,,0.79%,5.150,00,40.50,12.253,68,2.434,33,3.552,36,28%,138%,0.33%,1.66%,0.24%,-24.93%,-24.93%,0,1.14%,-4.72%,,,,,,,,,,,,
,,,,,,,,,,,,,,,,,,2021,11/15/2021,5.170,00,,,,,,,,,,0.78%,5.170,00,40.50,12.253,68,2.434,33,3.552,36,28%,137%,0.33%,1.66%,0.24%,-25.22%,-25.22%,0,1.14%,-4.35%,,,,,,,,,,,,
,,,,,,,,,,,,,,,,,,2021,11/16/2021,5.210,00,,,,,,,,,,0.78%,5.210,00,40.50,12.253,68,2.434,33,3.552,36,28%,135%,0.33%,1.66%,0.24%,-25.80%,-25.80%,0,1.14%,-3.61%,,,,,,,,,,,,
,,,,,,,,,,,,,,,,,,2021,11/17/2021,5.255,00,,,,,,,,,,0.77%,5.255,00,40.50,12.253,68,2.434,33,3.552,36,29%,133%,0.33%,1.66%,0.24%,-26.43%,-26.43%,0,1.14%,-2.78%,,,,,,,,,,,,
,,,,,,,,,,,,,,,,,,2021,11/18/2021,5.320,00,,,,,,,,,,0.76%,5.320,00,40.50,12.253,68,2.434,33,3.552,36,29%,130%,0.33%,1.66%,0.23%,-27.33%,-27.33%,0,1.14%,-1.57%,,,,,,,,,,,,
,,,,,,,,,,,,,,,,,,2021,11/19/2021,5.365,00,,,,,,,,,,0.75%,5.365,00,40.50,12.253,68,2.434,33,3.552,36,30%,128%,0.33%,1.66%,0.23%,-27.94%,-27.94%,0,1.14%,-0.74%,,,,,,,,,,,,
,,,,,,,,,,,,,,,,,,2021,11/22/2021,5.290,00,,,,,,,,,,0.77%,5.290,00,40.50,12.253,68,2.434,33,3.552,36,29%,132%,0.33%,1.66%,0.24%,-26.92%,-26.92%,0,1.14%,-2.13%,,,,,,,,,,,,
,,,,,,,,,,,,,,,,,,2021,11/23/2021,5.150,00,,,,,,,,,,0.79%,5.150,00,40.50,12.253,68,2.434,33,3.552,36,28%,138%,0.33%,1.66%,0.24%,-24.93%,-24.93%,0,1.14%,-4.72%,,,,,,,,,,,,
,,,,,,,,,,,,,,,,,,2021,11/24/2021,5.120,00,,,,,,,,,,0.79%,5.120,00,40.50,12.253,68,2.434,33,3.552,36,27%,139%,0.33%,1.66%,0.24%,-24.49%,-24.49%,0,1.14%,-5.27%,,,,,,,,,,,,
,,,,,,,,,,,,,,,,,,2021,11/25/2021,5.080,00,,,,,,,,,,0.80%,5.080,00,40.50,12.253,68,2.434,33,3.552,36,27%,141%,0.33%,1.66%,0.25%,-23.90%,-23.90%,0,1.14%,-6.01%,,,,,,,,,,,,
,,,,,,,,,,,,,,,,,,2021,11/26/2021,5.060,00,,,,,,,,,,0.80%,5.060,00,40.50,12.253,68,2.434,33,3.552,36,27%,142%,0.33%,1.66%,0.25%,-23.60%,-23.60%,0,1.14%,-6.38%,,,,,,,,,,,,
,,,,,,,,,,,,,,,,,,2021,11/29/2021,5.115,00,,,,,,,,,,0.79%,5.115,00,40.50,12.253,68,2.434,33,3.552,36,27%,140%,0.33%,1.66%,0.24%,-24.42%,-24.42%,0,1.14%,-5.37%,,,,,,,,,,,,
,,,,,,,,,,,,,,,,,,2021,11/30/2021,5.045,00,,,,,,,,,,0.80%,5.045,00,40.50,12.253,68,2.434,33,3.552,36,27%,143%,0.33%,1.66%,0.25%,-23.37%,-23.37%,0,1.14%,-6.66%,,,,,,,,,,,,
,,,,,,,,,,,,,,,,,,2021,12/1/2021,5.050,00,,,,,,,,,,0.80%,5.050,00,40.50,12.253,68,2.434,33,3.552,36,27%,143%,0.33%,1.66%,0.25%,-23.45%,-23.45%,0,1.14%,-6.57%,,,,,,,,,,,,
,,,,,,,,,,,,,,,,,,2021,12/2/2021,5.030,00,,,,,,,,,,0.81%,5.030,00,40.50,12.253,68,2.434,33,3.552,36,26%,144%,0.33%,1.66%,0.25%,-23.14%,-23.14%,0,1.14%,-6.94%,,,,,,,,,,,,
,,,,,,,,,,,,,,,,,,2021,12/3/2021,4.898,00,,,,,,,,,,0.83%,4.898,00,40.50,12.253,68,2.434,33,3.552,36,25%,150%,0.33%,1.66%,0.26%,-21.07%,-21.07%,0,1.14%,-9.38%,,,,,,,,,,,,
,,,,,,,,,,,,,,,,,,2021,12/6/2021,4.882,00,,,,,,,,,,0.83%,4.882,00,40.50,12.253,68,2.434,33,3.552,36,25%,151%,0.33%,1.66%,0.26%,-20.81%,-20.81%,0,1.14%,-9.68%,,,,,,,,,,,,
,,,,,,,,,,,,,,,,,,2021,12/7/2021,4.978,00,,,,,,,,,,0.81%,4.978,00,40.50,12.253,68,2.434,33,3.552,36,26%,146%,0.33%,1.66%,0.25%,-22.34%,-22.34%,0,1.14%,-7.90%,,,,,,,,,,,,
,,,,,,,,,,,,,,,,,,2021,12/8/2021,5.030,00,,,,,,,,,,0.81%,5.030,00,40.50,12.253,68,2.434,33,3.552,36,26%,144%,0.33%,1.66%,0.25%,-23.14%,-23.14%,0,1.14%,-6.94%,,,,,,,,,,,,
,,,,,,,,,,,,,,,,,,2021,12/9/2021,5.050,00,,,,,,,,,,0.80%,5.050,00,40.50,12.253,68,2.434,33,3.552,36,27%,143%,0.33%,1.66%,0.25%,-23.45%,-23.45%,0,1.14%,-6.57%,,,,,,,,,,,,
,,,,,,,,,,,,,,,,,,2021,12/10/2021,4.996,00,,,,,,,,,,0.81%,4.996,00,40.50,12.253,68,2.434,33,3.552,36,26%,145%,0.33%,1.66%,0.25%,-22.62%,-22.62%,0,1.14%,-7.57%,,,,,,,,,,,,
,,,,,,,,,,,,,,,,,,2021,12/13/2021,5.055,00,,,,,,,,,,0.80%,5.055,00,40.50,12.253,68,2.434,33,3.552,36,27%,142%,0.33%,1.66%,0.25%,-23.52%,-23.52%,0,1.14%,-6.48%,,,,,,,,,,,,
,,,,,,,,,,,,,,,,,,2021,12/14/2021,4.876,00,,,,,,,,,,0.83%,4.876,00,40.50,12.253,68,2.434,33,3.552,36,25%,151%,0.33%,1.66%,0.26%,-20.71%,-20.71%,0,1.14%,-9.79%,,,,,,,,,,,,
,,,,,,,,,,,,,,,,,,2021,12/15/2021,4.892,00,,,,,,,,,,0.83%,4.892,00,40.50,12.253,68,2.434,33,3.552,36,25%,150%,0.33%,1.66%,0.26%,-20.97%,-20.97%,0,1.14%,-9.49%,,,,,,,,,,,,
,,,,,,,,,,,,,,,,,,2021,12/16/2021,4.922,00,,,,,,,,,,0.82%,4.922,00,40.50,12.253,68,2.434,33,3.552,36,25%,149%,0.33%,1.66%,0.25%,-21.45%,-21.45%,0,1.14%,-8.94%,,,,,,,,,,,,
,,,,,,,,,,,,,,,,,,2021,12/17/2021,5.005,00,,,,,,,,,,0.81%,5.005,00,40.50,12.253,68,2.434,33,3.552,36,26%,145%,0.33%,1.66%,0.25%,-22.76%,-22.76%,0,1.14%,-7.40%,,,,,,,,,,,,
,,,,,,,,,,,,,,,,,,2021,12/20/2021,5.090,00,,,,,,,,,,0.80%,5.090,00,40.50,12.253,68,2.434,33,3.552,36,27%,141%,0.33%,1.66%,0.25%,-24.05%,-24.05%,0,1.14%,-5.83%,,,,,,,,,,,,
,,,,,,,,,,,,,,,,,,2021,12/21/2021,4.968,00,,,,,,,,,,0.82%,4.968,00,40.50,12.253,68,2.434,33,3.552,36,26%,147%,0.33%,1.66%,0.25%,-22.18%,-22.18%,0,1.14%,-8.09%,,,,,,,,,,,,
,,,,,,,,,,,,,,,,,,2021,12/22/2021,5.190,00,,,,,,,,,,0.78%,5.190,00,40.50,12.253,68,2.434,33,3.552,36,28%,136%,0.33%,1.66%,0.24%,-25.51%,-25.51%,0,1.14%,-3.98%,,,,,,,,,,,,
,,,,,,,,,,,,,,,,,,2021,12/23/2021,5.070,00,,,,,,,,,,0.80%,5.070,00,40.50,12.253,68,2.434,33,3.552,36,27%,142%,0.33%,1.66%,0.25%,-23.75%,-23.75%,0,1.14%,-6.20%,,,,,,,,,,,,
,,,,,,,,,,,,,,,,,,2021,12/24/2021,5.075,00,,,,,,,,,,0.80%,5.075,00,40.50,12.253,68,2.434,33,3.552,36,27%,141%,0.33%,1.66%,0.25%,-23.82%,-23.82%,0,1.14%,-6.11%,,,,,,,,,,,,
,,,,,,,,,,,,,,,,,,2021,12/27/2021,,,,,,,,,,,0.80%,5.075,00,40.50,12.253,68,2.434,33,3.552,36,27%,141%,0.33%,1.66%,0.25%,-23.82%,-23.82%,0,1.14%,-6.11%,,,,,,,,,,,,
,,,,,,,,,,,,,,,,,,2021,12/28/2021,,,,,,,,,,,0.80%,5.075,00,40.50,12.253,68,2.434,33,3.552,36,27%,141%,0.33%,1.66%,0.25%,-23.82%,-23.82%,0,1.14%,-6.11%,,,,,,,,,,,,
,,,,,,,,,,,,,,,,,,2021,12/29/2021,5.200,00,,,,,,,,,,0.78%,5.200,00,40.50,12.253,68,2.434,33,3.552,36,28%,136%,0.33%,1.66%,0.24%,-25.65%,-25.65%,0,1.14%,-3.79%,,,,,,,,,,,,
,,,,,,,,,,,,,,,,,,2021,12/30/2021,5.285,00,,,,,,,,,,0.77%,5.285,00,40.50,12.253,68,2.434,33,3.552,36,29%,132%,0.33%,1.66%,0.24%,-26.85%,-26.85%,0,1.14%,-2.22%,,,,,,,,,,,,
,,,,,,,,,,,,,,,,,,2021,12/31/2021,5.325,00,,,,,,,,,,0.76%,5.325,00,40.50,12.253,68,2.434,33,3.552,36,29%,130%,0.33%,1.66%,0.23%,-27.40%,-27.40%,0,1.14%,-1.48%,,,,,,,,,,,,
,,,,,,,,,,,,,,,,,,2022,1/3/2022,,,,,,,,,,,0.84%,5.325,00,44.89,13.581,92,2.698,20,3.937,42,24%,155%,0.33%,1.66%,0.23%,-27.40%,-27.40%,0,1.14%,-1.48%,,,,,,,,,,,,
,,,,,,,,,,,,,,,,,,2022,1/4/2022,4.860,00,,,,,,,,,,0.92%,4.860,00,44.89,13.581,92,2.698,20,3.937,42,20%,179%,0.33%,1.66%,0.26%,-20.45%,-20.45%,0,1.14%,-10.08%,,,,,,,,,,,,
,,,,,,,,,,,,,,,,,,2022,1/5/2022,4.796,00,,,,,,,,,,0.94%,4.796,00,44.89,13.581,92,2.698,20,3.937,42,19%,183%,0.33%,1.66%,0.26%,-19.39%,-19.39%,0,1.14%,-11.27%,,,,,,,,,,,,
,,,,,,,,,,,,,,,,,,2022,1/6/2022,4.564,00,,,,,,,,,,0.98%,4.564,00,44.89,13.581,92,2.698,20,3.937,42,17%,198%,0.33%,1.66%,0.27%,-15.29%,-15.29%,0,1.14%,-15.56%,,,,,,,,,,,,
,,,,,,,,,,,,,,,,,,2022,1/7/2022,4.470,00,,,,,,,,,,1.00%,4.470,00,44.89,13.581,92,2.698,20,3.937,42,16%,204%,0.33%,1.66%,0.28%,-13.51%,-13.51%,0,1.14%,-17.30%,,,,,,,,,,,,
,,,,,,,,,,,,,,,,,,2022,1/10/2022,4.300,00,,,,,,,,,,1.04%,4.300,00,44.89,13.581,92,2.698,20,3.937,42,15%,216%,0.33%,1.66%,0.29%,-10.09%,-10.09%,0,1.14%,-20.44%,,,,,,,,,,,,
,,,,,,,,,,,,,,,,,,2022,1/11/2022,4.446,00,,,,,,,,,,1.01%,4.446,00,44.89,13.581,92,2.698,20,3.937,42,16%,205%,0.33%,1.66%,0.28%,-13.05%,-13.05%,0,1.14%,-17.74%,,,,,,,,,,,,
,,,,,,,,,,,,,,,,,,2022,1/12/2022,4.464,00,,,,,,,,,,1.01%,4.464,00,44.89,13.581,92,2.698,20,3.937,42,16%,204%,0.33%,1.66%,0.28%,-13.40%,-13.40%,0,1.14%,-17.41%,,,,,,,,,,,,
,,,,,,,,,,,,,,,,,,2022,1/13/2022,4.290,00,,,,,,,,,,1.05%,4.290,00,44.89,13.581,92,2.698,20,3.937,42,15%,217%,0.33%,1.66%,0.29%,-9.88%,-9.88%,0,1.14%,-20.63%,,,,,,,,,,,,
,,,,,,,,,,,,,,,,,,2022,1/14/2022,4.200,00,,,,,,,,,,1.07%,4.200,00,44.89,13.581,92,2.698,20,3.937,42,14%,223%,0.33%,1.66%,0.30%,-7.95%,-7.95%,0,1.14%,-22.29%,,,,,,,,,,,,
,,,,,,,,,,,,,,,,,,2022,1/17/2022,4.226,00,,,,,,,,,,1.06%,4.226,00,44.89,13.581,92,2.698,20,3.937,42,14%,221%,0.33%,1.66%,0.30%,-8.52%,-8.52%,0,1.14%,-21.81%,,,,,,,,,,,,
,,,,,,,,,,,,,,,,,,2022,1/18/2022,4.120,00,,,,,,,,,,1.09%,4.120,00,44.89,13.581,92,2.698,20,3.937,42,13%,230%,0.33%,1.66%,0.30%,-6.17%,-6.17%,0,1.14%,-23.77%,,,,,,,,,,,,
,,,,,,,,,,,,,,,,,,2022,1/19/2022,4.126,00,,,,,,,,,,1.09%,4.126,00,44.89,13.581,92,2.698,20,3.937,42,13%,229%,0.33%,1.66%,0.30%,-6.30%,-6.30%,0,1.14%,-23.66%,,,,,,,,,,,,
,,,,,,,,,,,,,,,,,,2022,1/20/2022,4.194,00,,,,,,,,,,1.07%,4.194,00,44.89,13.581,92,2.698,20,3.937,42,14%,224%,0.33%,1.66%,0.30%,-7.82%,-7.82%,0,1.14%,-22.41%,,,,,,,,,,,,
,,,,,,,,,,,,,,,,,,2022,1/21/2022,4.186,00,,,,,,,,,,1.07%,4.186,00,44.89,13.581,92,2.698,20,3.937,42,14%,224%,0.33%,1.66%,0.30%,-7.64%,-7.64%,0,1.14%,-22.55%,,,,,,,,,,,,
,,,,,,,,,,,,,,,,,,2022,1/24/2022,3.988,00,,,,,,,,,,1.13%,3.988,00,44.89,13.581,92,2.698,20,3.937,42,12%,241%,0.33%,1.66%,0.31%,-3.06%,-3.06%,0,1.14%,-26.22%,,,,,,,,,,,,
,,,,,,,,,,,,,,,,,,2022,1/25/2022,3.994,00,,,,,,,,,,1.12%,3.994,00,44.89,13.581,92,2.698,20,3.937,42,12%,240%,0.33%,1.66%,0.31%,-3.20%,-3.20%,0,1.14%,-26.11%,,,,,,,,,,,,
,,,,,,,,,,,,,,,,,,2022,1/26/2022,3.968,00,,,,,,,,,,1.13%,3.968,00,44.89,13.581,92,2.698,20,3.937,42,12%,242%,0.33%,1.66%,0.32%,-2.57%,-2.57%,0,1.14%,-26.59%,,,,,,,,,,,,
,,,,,,,,,,,,,,,,,,2022,1/27/2022,4.074,00,,,,,,,,,,1.10%,4.074,00,44.89,13.581,92,2.698,20,3.937,42,13%,233%,0.33%,1.66%,0.31%,-5.11%,-5.11%,0,1.14%,-24.63%,,,,,,,,,,,,
,,,,,,,,,,,,,,,,,,2022,1/28/2022,4.060,00,,,,,,,,,,1.11%,4.060,00,44.89,13.581,92,2.698,20,3.937,42,13%,235%,0.33%,1.66%,0.31%,-4.78%,-4.78%,0,1.14%,-24.88%,,,,,,,,,,,,
,,,,,,,,,,,,,,,,,,2022,1/31/2022,4.154,00,,,,,,,,,,1.08%,4.154,00,44.89,13.581,92,2.698,20,3.937,42,13%,227%,0.33%,1.66%,0.30%,-6.93%,-6.93%,0,1.14%,-23.15%,,,,,,,,,,,,
,,,,,,,,,,,,,,,,,,2022,2/1/2022,4.244,00,,,,,,,,,,1.06%,4.244,00,44.89,13.581,92,2.698,20,3.937,42,14%,220%,0.33%,1.66%,0.29%,-8.91%,-8.91%,0,1.14%,-21.48%,,,,,,,,,,,,
,,,,,,,,,,,,,,,,,,2022,2/2/2022,4.246,00,,,,,,,,,,1.06%,4.246,00,44.89,13.581,92,2.698,20,3.937,42,14%,220%,0.33%,1.66%,0.29%,-8.95%,-8.95%,0,1.14%,-21.44%,,,,,,,,,,,,
,,,,,,,,,,,,,,,,,,2022,2/3/2022,4.056,00,,,,,,,,,,1.11%,4.056,00,44.89,13.581,92,2.698,20,3.937,42,12%,235%,0.33%,1.66%,0.31%,-4.68%,-4.68%,0,1.14%,-24.96%,,,,,,,,,,,,
,,,,,,,,,,,,,,,,,,2022,2/4/2022,4.018,00,,,,,,,,,,1.12%,4.018,00,44.89,13.581,92,2.698,20,3.937,42,12%,238%,0.33%,1.66%,0.31%,-3.78%,-3.78%,0,1.14%,-25.66%,,,,,,,,,,,,
,,,,,,,,,,,,,,,,,,2022,2/7/2022,4.000,00,,,,,,,,,,1.12%,4.000,00,44.89,13.581,92,2.698,20,3.937,42,12%,240%,0.33%,1.66%,0.31%,-3.35%,-3.35%,0,1.14%,-25.99%,,,,,,,,,,,,
,,,,,,,,,,,,,,,,,,2022,2/8/2022,3.944,00,,,,,,,,,,1.14%,3.944,00,44.89,13.581,92,2.698,20,3.937,42,11%,244%,0.33%,1.66%,0.32%,-1.98%,-1.98%,0,1.14%,-27.03%,,,,,,,,,,,,
,,,,,,,,,,,,,,,,,,2022,2/9/2022,3.976,00,,,,,,,,,,1.13%,3.976,00,44.89,13.581,92,2.698,20,3.937,42,12%,242%,0.33%,1.66%,0.31%,-2.77%,-2.77%,0,1.14%,-26.44%,,,,,,,,,,,,
,,,,,,,,,,,,,,,,,,2022,2/10/2022,3.890,00,,,,,,,,,,1.15%,3.890,00,44.89,13.581,92,2.698,20,3.937,42,11%,249%,0.33%,1.66%,0.32%,-0.62%,-0.62%,0,1.14%,-28.03%,,,,,,,,,,,,
,,,,,,,,,,,,,,,,,,2022,2/11/2022,3.820,00,,,,,,,,,,1.18%,3.820,00,44.89,13.581,92,2.698,20,3.937,42,10%,256%,0.33%,1.66%,0.33%,1.20%,1.20%,0,1.14%,-29.32%,,,,,,,,,,,,
,,,,,,,,,,,,,,,,,,2022,2/14/2022,3.762,00,,,,,,,,,,1.19%,3.762,00,44.89,13.581,92,2.698,20,3.937,42,10%,261%,0.33%,1.66%,0.33%,2.76%,2.76%,0,1.14%,-30.40%,,,,,,,,,,,,
,,,,,,,,,,,,,,,,,,2022,2/15/2022,3.886,00,,,,,,,,,,1.16%,3.886,00,44.89,13.581,92,2.698,20,3.937,42,11%,250%,0.33%,1.66%,0.32%,-0.51%,-0.51%,0,1.14%,-28.10%,,,,,,,,,,,,
,,,,,,,,,,,,,,,,,,2022,2/16/2022,3.920,00,,,,,,,,,,1.15%,3.920,00,44.89,13.581,92,2.698,20,3.937,42,11%,246%,0.33%,1.66%,0.32%,-1.38%,-1.38%,0,1.14%,-27.47%,,,,,,,,,,,,
,,,,,,,,,,,,,,,,,,2022,2/17/2022,3.910,00,,,,,,,,,,1.15%,3.910,00,44.89,13.581,92,2.698,20,3.937,42,11%,247%,0.33%,1.66%,0.32%,-1.13%,-1.13%,0,1.14%,-27.66%,,,,,,,,,,,,
,,,,,,,,,,,,,,,,,,2022,2/18/2022,3.784,00,,,,,,,,,,1.19%,3.784,00,44.89,13.581,92,2.698,20,3.937,42,10%,259%,0.33%,1.66%,0.33%,2.17%,2.17%,0,1.14%,-29.99%,,,,,,,,,,,,
,,,,,,,,,,,,,,,,,,2022,2/21/2022,3.766,00,,,,,,,,,,1.19%,3.766,00,44.89,13.581,92,2.698,20,3.937,42,10%,261%,0.33%,1.66%,0.33%,2.66%,2.66%,0,1.14%,-30.32%,,,,,,,,,,,,
,,,,,,,,,,,,,,,,,,2022,2/22/2022,3.836,00,,,,,,,,,,1.17%,3.836,00,44.89,13.581,92,2.698,20,3.937,42,10%,254%,0.33%,1.66%,0.33%,0.78%,0.78%,0,1.14%,-29.03%,,,,,,,,,,,,
,,,,,,,,,,,,,,,,,,2022,2/23/2022,3.832,00,,,,,,,,,,1.17%,3.832,00,44.89,13.581,92,2.698,20,3.937,42,10%,254%,0.33%,1.66%,0.33%,0.89%,0.89%,0,1.14%,-29.10%,,,,,,,,,,,,
,,,,,,,,,,,,,,,,,,2022,2/24/2022,3.900,00,,,,,,,,,,1.15%,3.900,00,44.89,13.581,92,2.698,20,3.937,42,11%,248%,0.33%,1.66%,0.32%,-0.87%,-0.87%,0,1.14%,-27.84%,,,,,,,,,,,,
,,,,,,,,,,,,,,,,,,2022,2/25/2022,3.990,00,,,,,,,,,,1.13%,3.990,00,44.89,13.581,92,2.698,20,3.937,42,12%,240%,0.33%,1.66%,0.31%,-3.11%,-3.11%,0,1.14%,-26.18%,,,,,,,,,,,,
,,,,,,,,,,,,,,,,,,2022,2/28/2022,4.118,00,,,,,,,,,,1.09%,4.118,00,44.89,13.581,92,2.698,20,3.937,42,13%,230%,0.33%,1.66%,0.30%,-6.12%,-6.12%,0,1.14%,-23.81%,,,,,,,,,,,,
,,,,,,,,,,,,,,,,,,2022,3/1/2022,4.072,00,,,,,,,,,,1.10%,4.072,00,44.89,13.581,92,2.698,20,3.937,42,13%,234%,0.33%,1.66%,0.31%,-5.06%,-5.06%,0,1.14%,-24.66%,,,,,,,,,,,,
,,,,,,,,,,,,,,,,,,2022,3/2/2022,4.220,00,,,,,,,,,,1.06%,4.220,00,44.89,13.581,92,2.698,20,3.937,42,14%,222%,0.33%,1.66%,0.30%,-8.39%,-8.39%,0,1.14%,-21.92%,,,,,,,,,,,,
,,,,,,,,,,,,,,,,,,2022,3/3/2022,4.112,00,,,,,,,,,,1.09%,4.112,00,44.89,13.581,92,2.698,20,3.937,42,13%,230%,0.33%,1.66%,0.30%,-5.98%,-5.98%,0,1.14%,-23.92%,,,,,,,,,,,,
,,,,,,,,,,,,,,,,,,2022,3/4/2022,4.084,00,,,,,,,,,,1.10%,4.084,00,44.89,13.581,92,2.698,20,3.937,42,13%,233%,0.33%,1.66%,0.31%,-5.34%,-5.34%,0,1.14%,-24.44%,,,,,,,,,,,,
,,,,,,,,,,,,,,,,,,2022,3/7/2022,3.936,00,,,,,,,,,,1.14%,3.936,00,44.89,13.581,92,2.698,20,3.937,42,11%,245%,0.33%,1.66%,0.32%,-1.78%,-1.78%,0,1.14%,-27.18%,,,,,,,,,,,,
,,,,,,,,,,,,,,,,,,2022,3/8/2022,3.856,00,,,,,,,,,,1.16%,3.856,00,44.89,13.581,92,2.698,20,3.937,42,11%,252%,0.33%,1.66%,0.32%,0.26%,0.26%,0,1.14%,-28.66%,,,,,,,,,,,,
,,,,,,,,,,,,,,,,,,2022,3/9/2022,4.022,00,,,,,,,,,,1.12%,4.022,00,44.89,13.581,92,2.698,20,3.937,42,12%,238%,0.33%,1.66%,0.31%,-3.88%,-3.88%,0,1.14%,-25.59%,,,,,,,,,,,,
,,,,,,,,,,,,,,,,,,2022,3/10/2022,4.046,00,,,,,,,,,,1.11%,4.046,00,44.89,13.581,92,2.698,20,3.937,42,12%,236%,0.33%,1.66%,0.31%,-4.45%,-4.45%,0,1.14%,-25.14%,,,,,,,,,,,,
,,,,,,,,,,,,,,,,,,2022,3/11/2022,4.014,00,,,,,,,,,,1.12%,4.014,00,44.89,13.581,92,2.698,20,3.937,42,12%,238%,0.33%,1.66%,0.31%,-3.69%,-3.69%,0,1.14%,-25.74%,,,,,,,,,,,,
,,,,,,,,,,,,,,,,,,2022,3/14/2022,4.098,00,,,,,,,,,,1.10%,4.098,00,44.89,13.581,92,2.698,20,3.937,42,13%,231%,0.33%,1.66%,0.31%,-5.66%,-5.66%,0,1.14%,-24.18%,,,,,,,,,,,,
,,,,,,,,,,,,,,,,,,2022,3/15/2022,4.046,00,,,,,,,,,,1.11%,4.046,00,44.89,13.581,92,2.698,20,3.937,42,12%,236%,0.33%,1.66%,0.31%,-4.45%,-4.45%,0,1.14%,-25.14%,,,,,,,,,,,,
,,,,,,,,,,,,,,,,,,2022,3/16/2022,4.192,00,,,,,,,,,,1.07%,4.192,00,44.89,13.581,92,2.698,20,3.937,42,14%,224%,0.33%,1.66%,0.30%,-7.78%,-7.78%,0,1.14%,-22.44%,,,,,,,,,,,,
,,,,,,,,,,,,,,,,,,2022,3/17/2022,4.220,00,,,,,,,,,,1.06%,4.220,00,44.89,13.581,92,2.698,20,3.937,42,14%,222%,0.33%,1.66%,0.30%,-8.39%,-8.39%,0,1.14%,-21.92%,,,,,,,,,,,,
,,,,,,,,,,,,,,,,,,2022,3/18/2022,4.272,00,,,,,,,,,,1.05%,4.272,00,44.89,13.581,92,2.698,20,3.937,42,14%,218%,0.33%,1.66%,0.29%,-9.50%,-9.50%,0,1.14%,-20.96%,,,,,,,,,,,,
,,,,,,,,,,,,,,,,,,2022,3/21/2022,4.218,00,,,,,,,,,,1.06%,4.218,00,44.89,13.581,92,2.698,20,3.937,42,14%,222%,0.33%,1.66%,0.30%,-8.35%,-8.35%,0,1.14%,-21.96%,,,,,,,,,,,,
,,,,,,,,,,,,,,,,,,2022,3/22/2022,4.196,00,,,,,,,,,,1.07%,4.196,00,44.89,13.581,92,2.698,20,3.937,42,14%,224%,0.33%,1.66%,0.30%,-7.86%,-7.86%,0,1.14%,-22.37%,,,,,,,,,,,,
,,,,,,,,,,,,,,,,,,2022,3/23/2022,4.100,00,,,,,,,,,,1.09%,4.100,00,44.89,13.581,92,2.698,20,3.937,42,13%,231%,0.33%,1.66%,0.30%,-5.71%,-5.71%,0,1.14%,-24.14%,,,,,,,,,,,,
,,,,,,,,,,,,,,,,,,2022,3/24/2022,4.020,00,,,,,,,,,,1.12%,4.020,00,44.89,13.581,92,2.698,20,3.937,42,12%,238%,0.33%,1.66%,0.31%,-3.83%,-3.83%,0,1.14%,-25.62%,,,,,,,,,,,,
,,,,,,,,,,,,,,,,,,2022,3/25/2022,3.966,00,,,,,,,,,,1.13%,3.966,00,44.89,13.581,92,2.698,20,3.937,42,12%,242%,0.33%,1.66%,0.32%,-2.52%,-2.52%,0,1.14%,-26.62%,,,,,,,,,,,,
,,,,,,,,,,,,,,,,,,2022,3/28/2022,3.950,00,,,,,,,,,,1.14%,3.950,00,44.89,13.581,92,2.698,20,3.937,42,12%,244%,0.33%,1.66%,0.32%,-2.13%,-2.13%,0,1.14%,-26.92%,,,,,,,,,,,,
,,,,,,,,,,,,,,,,,,2022,3/29/2022,4.032,00,,,,,,,,,,1.11%,4.032,00,44.89,13.581,92,2.698,20,3.937,42,12%,237%,0.33%,1.66%,0.31%,-4.12%,-4.12%,0,1.14%,-25.40%,,,,,,,,,,,,
,,,,,,,,,,,,,,,,,,2022,3/30/2022,4.066,00,,,,,,,,,,1.10%,4.066,00,44.89,13.581,92,2.698,20,3.937,42,13%,234%,0.33%,1.66%,0.31%,-4.92%,-4.92%,0,1.14%,-24.77%,,,,,,,,,,,,
,,,,,,,,,,,,,,,,,,2022,3/31/2022,4.056,00,,,,,,,,,,1.11%,4.056,00,44.89,13.581,92,2.698,20,3.937,42,12%,235%,0.33%,1.66%,0.31%,-4.68%,-4.68%,0,1.14%,-24.96%,,,,,,,,,,,,
,,,,,,,,,,,,,,,,,,2022,4/1/2022,4.088,00,,,,,,,,,,1.10%,4.088,00,44.89,13.581,92,2.698,20,3.937,42,13%,232%,0.33%,1.66%,0.31%,-5.43%,-5.43%,0,1.14%,-24.37%,,,,,,,,,,,,
,,,,,,,,,,,,,,,,,,2022,4/4/2022,4.140,00,,,,,,,,,,1.08%,4.140,00,44.89,13.581,92,2.698,20,3.937,42,13%,228%,0.33%,1.66%,0.30%,-6.62%,-6.62%,0,1.14%,-23.40%,,,,,,,,,,,,
,,,,,,,,,,,,,,,,,,2022,4/5/2022,4.238,00,,,,,,,,,,1.06%,4.238,00,44.89,13.581,92,2.698,20,3.937,42,14%,220%,0.33%,1.66%,0.29%,-8.78%,-8.78%,0,1.14%,-21.59%,,,,,,,,,,,,
,,,,,,,,,,,,,,,,,,2022,4/6/2022,4.228,00,,,,,,,,,,1.06%,4.228,00,44.89,13.581,92,2.698,20,3.937,42,14%,221%,0.33%,1.66%,0.30%,-8.56%,-8.56%,0,1.14%,-21.78%,,,,,,,,,,,,
,,,,,,,,,,,,,,,,,,2022,4/7/2022,4.272,00,,,,,,,,,,1.05%,4.272,00,44.89,13.581,92,2.698,20,3.937,42,14%,218%,0.33%,1.66%,0.29%,-9.50%,-9.50%,0,1.14%,-20.96%,,,,,,,,,,,,
,,,,,,,,,,,,,,,,,,2022,4/8/2022,4.136,00,,,,,,,,,,1.09%,4.136,00,44.89,13.581,92,2.698,20,3.937,42,13%,228%,0.33%,1.66%,0.30%,-6.53%,-6.53%,0,1.14%,-23.48%,,,,,,,,,,,,
,,,,,,,,,,,,,,,,,,2022,4/11/2022,4.124,00,,,,,,,,,,1.09%,4.124,00,44.89,13.581,92,2.698,20,3.937,42,13%,229%,0.33%,1.66%,0.30%,-6.26%,-6.26%,0,1.14%,-23.70%,,,,,,,,,,,,
,,,,,,,,,,,,,,,,,,2022,4/12/2022,4.072,00,,,,,,,,,,1.10%,4.072,00,44.89,13.581,92,2.698,20,3.937,42,13%,234%,0.33%,1.66%,0.31%,-5.06%,-5.06%,0,1.14%,-24.66%,,,,,,,,,,,,
,,,,,,,,,,,,,,,,,,2022,4/13/2022,4.084,00,,,,,,,,,,1.10%,4.084,00,44.89,13.581,92,2.698,20,3.937,42,13%,233%,0.33%,1.66%,0.31%,-5.34%,-5.34%,0,1.14%,-24.44%,,,,,,,,,,,,
,,,,,,,,,,,,,,,,,,2022,4/14/2022,3.822,00,,,,,,,,,,1.17%,3.822,00,44.89,13.581,92,2.698,20,3.937,42,10%,255%,0.33%,1.66%,0.33%,1.15%,1.15%,0,1.14%,-29.29%,,,,,,,,,,,,
,,,,,,,,,,,,,,,,,,2022,4/19/2022,3.800,00,,,,,,,,,,1.18%,3.800,00,44.89,13.581,92,2.698,20,3.937,42,10%,257%,0.33%,1.66%,0.33%,1.74%,1.74%,0,1.14%,-29.69%,,,,,,,,,,,,
,,,,,,,,,,,,,,,,,,2022,4/20/2022,3.798,00,,,,,,,,,,1.18%,3.798,00,44.89,13.581,92,2.698,20,3.937,42,10%,258%,0.33%,1.66%,0.33%,1.79%,1.79%,0,1.14%,-29.73%,,,,,,,,,,,,
,,,,,,,,,,,,,,,,,,2022,4/21/2022,3.754,00,,,,,,,,,,1.20%,3.754,00,44.89,13.581,92,2.698,20,3.937,42,10%,262%,0.33%,1.66%,0.33%,2.98%,2.98%,0,1.14%,-30.55%,,,,,,,,,,,,
,,,,,,,,,,,,,,,,,,2022,4/22/2022,3.720,00,,,,,,,,,,1.21%,3.720,00,44.89,13.581,92,2.698,20,3.937,42,9%,265%,0.33%,1.66%,0.34%,3.92%,3.92%,0,1.14%,-31.17%,,,,,,,,,,,,
,,,,,,,,,,,,,,,,,,2022,4/25/2022,3.764,00,,,,,,,,,,1.19%,3.764,00,44.89,13.581,92,2.698,20,3.937,42,10%,261%,0.33%,1.66%,0.33%,2.71%,2.71%,0,1.14%,-30.36%,,,,,,,,,,,,
,,,,,,,,,,,,,,,,,,2022,4/26/2022,3.570,00,,,,,,,,,,1.26%,3.570,00,44.89,13.581,92,2.698,20,3.937,42,8%,280%,0.33%,1.66%,0.35%,8.29%,8.29%,0,1.14%,-33.95%,,,,,,,,,,,,
,,,,,,,,,,,,,,,,,,2022,4/27/2022,3.506,00,,,,,,,,,,1.28%,3.506,00,44.89,13.581,92,2.698,20,3.937,42,7%,287%,0.33%,1.66%,0.36%,10.27%,10.27%,0,1.14%,-35.13%,,,,,,,,,,,,
,,,,,,,,,,,,,,,,,,2022,4/28/2022,3.574,00,,,,,,,,,,1.26%,3.574,00,44.89,13.581,92,2.698,20,3.937,42,8%,280%,0.33%,1.66%,0.35%,8.17%,8.17%,0,1.14%,-33.88%,,,,,,,,,,,,
,,,,,,,,,,,,,,,,,,2022,4/29/2022,3.638,00,,,,,,,,,,1.23%,3.638,00,44.89,13.581,92,2.698,20,3.937,42,9%,273%,0.33%,1.66%,0.34%,6.27%,6.27%,0,1.14%,-32.69%,,,,,,,,,,,,
,,,,,,,,,,,,,,,,,,2022,5/2/2022,,,,,,,,,,,1.23%,3.638,00,44.89,13.581,92,2.698,20,3.937,42,9%,273%,0.33%,1.66%,0.34%,6.27%,6.27%,0,1.14%,-32.69%,,,,,,,,,,,,
,,,,,,,,,,,,,,,,,,2022,5/3/2022,3.526,00,,,,,,,,,,1.27%,3.526,00,44.89,13.581,92,2.698,20,3.937,42,8%,285%,0.33%,1.66%,0.35%,9.64%,9.64%,0,1.14%,-34.76%,,,,,,,,,,,,
,,,,,,,,,,,,,,,,,,2022,5/4/2022,3.364,00,,,,,,,,,,1.33%,3.364,00,44.89,13.581,92,2.698,20,3.937,42,6%,304%,0.33%,1.66%,0.37%,14.92%,14.92%,0,1.14%,-37.76%,,,,,,,,,,,,
,,,,,,,,,,,,,,,,,,2022,5/5/2022,3.352,00,,,,,,,,,,1.34%,3.352,00,44.89,13.581,92,2.698,20,3.937,42,6%,305%,0.33%,1.66%,0.37%,15.33%,15.33%,0,1.14%,-37.98%,,,,,,,,,,,,
,,,,,,,,,,,,,,,,,,2022,5/6/2022,3.254,00,,,,,,,,,,1.38%,3.254,00,44.89,13.581,92,2.698,20,3.937,42,5%,317%,0.33%,1.66%,0.38%,18.81%,18.81%,0,1.14%,-39.80%,,,,,,,,,,,,
,,,,,,,,,,,,,,,,,,2022,5/9/2022,3.158,00,,,,,,,,,,1.42%,3.158,00,44.89,13.581,92,2.698,20,3.937,42,4%,330%,0.33%,1.66%,0.40%,22.42%,22.42%,0,1.14%,-41.57%,,,,,,,,,,,,
,,,,,,,,,,,,,,,,,,2022,5/10/2022,3.186,00,,,,,,,,,,1.41%,3.186,00,44.89,13.581,92,2.698,20,3.937,42,4%,326%,0.33%,1.66%,0.39%,21.34%,21.34%,0,1.14%,-41.05%,,,,,,,,,,,,
,,,,,,,,,,,,,,,,,,2022,5/11/2022,3.230,00,,,,,,,,,,1.39%,3.230,00,44.89,13.581,92,2.698,20,3.937,42,5%,320%,0.33%,1.66%,0.39%,19.69%,19.69%,0,1.14%,-40.24%,,,,,,,,,,,,
,,,,,,,,,,,,,,,,,,2022,5/12/2022,3.148,00,,,,,,,,,,1.43%,3.148,00,44.89,13.581,92,2.698,20,3.937,42,4%,331%,0.33%,1.66%,0.40%,22.81%,22.81%,0,1.14%,-41.76%,,,,,,,,,,,,
,,,,,,,,,,,,,,,,,,2022,5/13/2022,3.270,00,,,,,,,,,,1.37%,3.270,00,44.89,13.581,92,2.698,20,3.937,42,5%,315%,0.33%,1.66%,0.38%,18.23%,18.23%,0,1.14%,-39.50%,,,,,,,,,,,,
,,,,,,,,,,,,,,,,,,2022,5/16/2022,3.284,00,,,,,,,,,,1.37%,3.284,00,44.89,13.581,92,2.698,20,3.937,42,5%,314%,0.33%,1.66%,0.38%,17.72%,17.72%,0,1.14%,-39.24%,,,,,,,,,,,,
,,,,,,,,,,,,,,,,,,2022,5/17/2022,3.318,00,,,,,,,,,,1.35%,3.318,00,44.89,13.581,92,2.698,20,3.937,42,6%,309%,0.33%,1.66%,0.38%,16.52%,16.52%,0,1.14%,-38.61%,,,,,,,,,,,,
,,,,,,,,,,,,,,,,,,2022,5/18/2022,3.264,00,,,,,,,,,,1.38%,3.264,00,44.89,13.581,92,2.698,20,3.937,42,5%,316%,0.33%,1.66%,0.38%,18.44%,18.44%,0,1.14%,-39.61%,,,,,,,,,,,,
,,,,,,,,,,,,,,,,,,2022,5/19/2022,3.400,00,,,,,,,,,,1.32%,3.400,00,44.89,13.581,92,2.698,20,3.937,42,6%,299%,0.33%,1.66%,0.37%,13.71%,13.71%,0,1.14%,-37.10%,,,,,,,,,,,,
,,,,,,,,,,,,,,,,,,2022,5/20/2022,3.450,00,,,,,,,,,,1.30%,3.450,00,44.89,13.581,92,2.698,20,3.937,42,7%,294%,0.33%,1.66%,0.36%,12.06%,12.06%,0,1.14%,-36.17%,,,,,,,,,,,,
,,,,,,,,,,,,,,,,,,2022,5/23/2022,3.518,00,,,,,,,,,,1.28%,3.518,00,44.89,13.581,92,2.698,20,3.937,42,8%,286%,0.33%,1.66%,0.36%,9.89%,9.89%,0,1.14%,-34.91%,,,,,,,,,,,,
,,,,,,,,,,,,,,,,,,2022,5/24/2022,3.474,00,,,,,,,,,,1.29%,3.474,00,44.89,13.581,92,2.698,20,3.937,42,7%,291%,0.33%,1.66%,0.36%,11.28%,11.28%,0,1.14%,-35.73%,,,,,,,,,,,,
,,,,,,,,,,,,,,,,,,2022,5/25/2022,3.490,00,,,,,,,,,,1.29%,3.490,00,44.89,13.581,92,2.698,20,3.937,42,7%,289%,0.33%,1.66%,0.36%,10.77%,10.77%,0,1.14%,-35.43%,,,,,,,,,,,,
,,,,,,,,,,,,,,,,,,2022,5/26/2022,3.552,00,,,,,,,,,,1.26%,3.552,00,44.89,13.581,92,2.698,20,3.937,42,8%,282%,0.33%,1.66%,0.35%,8.84%,8.84%,0,1.14%,-34.28%,,,,,,,,,,,,
,,,,,,,,,,,,,,,,,,2022,5/27/2022,3.610,00,,,,,,,,,,1.24%,3.610,00,44.89,13.581,92,2.698,20,3.937,42,8%,276%,0.33%,1.66%,0.35%,7.09%,7.09%,0,1.14%,-33.21%,,,,,,,,,,,,
,,,,,,,,,,,,,,,,,,2022,5/30/2022,3.628,00,,,,,,,,,,1.24%,3.628,00,44.89,13.581,92,2.698,20,3.937,42,9%,274%,0.33%,1.66%,0.34%,6.56%,6.56%,0,1.14%,-32.88%,,,,,,,,,,,,
,,,,,,,,,,,,,,,,,,2022,5/31/2022,3.636,00,,,,,,,,,,1.23%,3.636,00,44.89,13.581,92,2.698,20,3.937,42,9%,274%,0.33%,1.66%,0.34%,6.33%,6.33%,0,1.14%,-32.73%,,,,,,,,,,,,
,,,,,,,,,,,,,,,,,,2022,6/1/2022,3.568,00,,,,,,,,,,1.26%,3.568,00,44.89,13.581,92,2.698,20,3.937,42,8%,281%,0.33%,1.66%,0.35%,8.35%,8.35%,0,1.14%,-33.99%,,,,,,,,,,,,
,,,,,,,,,,,,,,,,,,2022,6/2/2022,,,,,,,,,,,1.26%,3.568,00,44.89,13.581,92,2.698,20,3.937,42,8%,281%,0.33%,1.66%,0.35%,8.35%,8.35%,0,1.14%,-33.99%,,,,,,,,,,,,
,,,,,,,,,,,,,,,,,,2022,6/3/2022,,,,,,,,,,,1.26%,3.568,00,44.89,13.581,92,2.698,20,3.937,42,8%,281%,0.33%,1.66%,0.35%,8.35%,8.35%,0,1.14%,-33.99%,,,,,,,,,,,,
,,,,,,,,,,,,,,,,,,2022,6/6/2022,3.514,00,,,,,,,,,,1.28%,3.514,00,44.89,13.581,92,2.698,20,3.937,42,7%,287%,0.33%,1.66%,0.36%,10.02%,10.02%,0,1.14%,-34.99%,,,,,,,,,,,,
,,,,,,,,,,,,,,,,,,2022,6/7/2022,3.506,00,,,,,,,,,,1.28%,3.506,00,44.89,13.581,92,2.698,20,3.937,42,7%,287%,0.33%,1.66%,0.36%,10.27%,10.27%,0,1.14%,-35.13%,,,,,,,,,,,,
,,,,,,,,,,,,,,,,,,2022,6/8/2022,3.512,00,,,,,,,,,,1.28%,3.512,00,44.89,13.581,92,2.698,20,3.937,42,7%,287%,0.33%,1.66%,0.36%,10.08%,10.08%,0,1.14%,-35.02%,,,,,,,,,,,,
,,,,,,,,,,,,,,,,,,2022,6/9/2022,3.436,00,,,,,,,,,,1.31%,3.436,00,44.89,13.581,92,2.698,20,3.937,42,7%,295%,0.33%,1.66%,0.36%,12.51%,12.51%,0,1.14%,-36.43%,,,,,,,,,,,,
,,,,,,,,,,,,,,,,,,2022,6/10/2022,3.354,00,,,,,,,,,,1.34%,3.354,00,44.89,13.581,92,2.698,20,3.937,42,6%,305%,0.33%,1.66%,0.37%,15.27%,15.27%,0,1.14%,-37.95%,,,,,,,,,,,,
,,,,,,,,,,,,,,,,,,2022,6/13/2022,3.224,00,,,,,,,,,,1.39%,3.224,00,44.89,13.581,92,2.698,20,3.937,42,5%,321%,0.33%,1.66%,0.39%,19.91%,19.91%,0,1.14%,-40.35%,,,,,,,,,,,,
,,,,,,,,,,,,,,,,,,2022,6/14/2022,3.164,00,,,,,,,,,,1.42%,3.164,00,44.89,13.581,92,2.698,20,3.937,42,4%,329%,0.33%,1.66%,0.40%,22.19%,22.19%,0,1.14%,-41.46%,,,,,,,,,,,,
,,,,,,,,,,,,,,,,,,2022,6/15/2022,3.272,00,,,,,,,,,,1.37%,3.272,00,44.89,13.581,92,2.698,20,3.937,42,5%,315%,0.33%,1.66%,0.38%,18.15%,18.15%,0,1.14%,-39.46%,,,,,,,,,,,,
,,,,,,,,,,,,,,,,,,2022,6/16/2022,3.110,00,,,,,,,,,,1.44%,3.110,00,44.89,13.581,92,2.698,20,3.937,42,4%,337%,0.33%,1.66%,0.40%,24.31%,24.31%,0,1.14%,-42.46%,,,,,,,,,,,,
,,,,,,,,,,,,,,,,,,2022,6/17/2022,3.166,00,,,,,,,,,,1.42%,3.166,00,44.89,13.581,92,2.698,20,3.937,42,4%,329%,0.33%,1.66%,0.39%,22.11%,22.11%,0,1.14%,-41.42%,,,,,,,,,,,,
,,,,,,,,,,,,,,,,,,2022,6/20/2022,3.158,00,,,,,,,,,,1.42%,3.158,00,44.89,13.581,92,2.698,20,3.937,42,4%,330%,0.33%,1.66%,0.40%,22.42%,22.42%,0,1.14%,-41.57%,,,,,,,,,,,,
,,,,,,,,,,,,,,,,,,2022,6/21/2022,3.176,00,,,,,,,,,,1.41%,3.176,00,44.89,13.581,92,2.698,20,3.937,42,4%,328%,0.33%,1.66%,0.39%,21.73%,21.73%,0,1.14%,-41.24%,,,,,,,,,,,,
,,,,,,,,,,,,,,,,,,2022,6/22/2022,3.240,00,,,,,,,,,,1.39%,3.240,00,44.89,13.581,92,2.698,20,3.937,42,5%,319%,0.33%,1.66%,0.39%,19.32%,19.32%,0,1.14%,-40.06%,,,,,,,,,,,,
,,,,,,,,,,,,,,,,,,2022,6/23/2022,3.248,00,,,,,,,,,,1.38%,3.248,00,44.89,13.581,92,2.698,20,3.937,42,5%,318%,0.33%,1.66%,0.38%,19.03%,19.03%,0,1.14%,-39.91%,,,,,,,,,,,,
,,,,,,,,,,,,,,,,,,2022,6/24/2022,3.428,00,,,,,,,,,,1.31%,3.428,00,44.89,13.581,92,2.698,20,3.937,42,7%,296%,0.33%,1.66%,0.36%,12.78%,12.78%,0,1.14%,-36.58%,,,,,,,,,,,,
,,,,,,,,,,,,,,,,,,2022,6/27/2022,3.502,00,,,,,,,,,,1.28%,3.502,00,44.89,13.581,92,2.698,20,3.937,42,7%,288%,0.33%,1.66%,0.36%,10.39%,10.39%,0,1.14%,-35.21%,,,,,,,,,,,,
,,,,,,,,,,,,,,,,,,2022,6/28/2022,3.486,00,,,,,,,,,,1.29%,3.486,00,44.89,13.581,92,2.698,20,3.937,42,7%,290%,0.33%,1.66%,0.36%,10.90%,10.90%,0,1.14%,-35.50%,,,,,,,,,,,,
,,,,,,,,,,,,,,,,,,2022,6/29/2022,3.466,00,,,,,,,,,,1.30%,3.466,00,44.89,13.581,92,2.698,20,3.937,42,7%,292%,0.33%,1.66%,0.36%,11.54%,11.54%,0,1.14%,-35.87%,,,,,,,,,,,,
,,,,,,,,,,,,,,,,,,2022,6/30/2022,3.458,00,,,,,,,,,,1.30%,3.458,00,44.89,13.581,92,2.698,20,3.937,42,7%,293%,0.33%,1.66%,0.36%,11.80%,11.80%,0,1.14%,-36.02%,,,,,,,,,,,,
,,,,,,,,,,,,,,,,,,2022,7/1/2022,3.498,00,,,,,,,,,,1.28%,3.498,00,44.89,13.581,92,2.698,20,3.937,42,7%,288%,0.33%,1.66%,0.36%,10.52%,10.52%,0,1.14%,-35.28%,,,,,,,,,,,,
,,,,,,,,,,,,,,,,,,2022,7/4/2022,3.434,00,,,,,,,,,,1.31%,3.434,00,44.89,13.581,92,2.698,20,3.937,42,7%,296%,0.33%,1.66%,0.36%,12.58%,12.58%,0,1.14%,-36.47%,,,,,,,,,,,,
,,,,,,,,,,,,,,,,,,2022,7/5/2022,3.616,00,,,,,,,,,,1.24%,3.616,00,44.89,13.581,92,2.698,20,3.937,42,8%,276%,0.33%,1.66%,0.35%,6.91%,6.91%,0,1.14%,-33.10%,,,,,,,,,,,,
,,,,,,,,,,,,,,,,,,2022,7/6/2022,3.732,00,,,,,,,,,,1.20%,3.732,00,44.89,13.581,92,2.698,20,3.937,42,9%,264%,0.33%,1.66%,0.33%,3.59%,3.59%,0,1.14%,-30.95%,,,,,,,,,,,,
,,,,,,,,,,,,,,,,,,2022,7/7/2022,3.756,00,,,,,,,,,,1.20%,3.756,00,44.89,13.581,92,2.698,20,3.937,42,10%,262%,0.33%,1.66%,0.33%,2.93%,2.93%,0,1.14%,-30.51%,,,,,,,,,,,,
,,,,,,,,,,,,,,,,,,2022,7/8/2022,3.750,00,,,,,,,,,,1.20%,3.750,00,44.89,13.581,92,2.698,20,3.937,42,10%,262%,0.33%,1.66%,0.33%,3.09%,3.09%,0,1.14%,-30.62%,,,,,,,,,,,,
,,,,,,,,,,,,,,,,,,2022,7/11/2022,3.634,00,,,,,,,,,,1.24%,3.634,00,44.89,13.581,92,2.698,20,3.937,42,9%,274%,0.33%,1.66%,0.34%,6.38%,6.38%,0,1.14%,-32.77%,,,,,,,,,,,,
,,,,,,,,,,,,,,,,,,2022,7/12/2022,3.520,00,,,,,,,,,,1.28%,3.520,00,44.89,13.581,92,2.698,20,3.937,42,8%,286%,0.33%,1.66%,0.36%,9.83%,9.83%,0,1.14%,-34.88%,,,,,,,,,,,,
,,,,,,,,,,,,,,,,,,2022,7/13/2022,3.536,00,,,,,,,,,,1.27%,3.536,00,44.89,13.581,92,2.698,20,3.937,42,8%,284%,0.33%,1.66%,0.35%,9.33%,9.33%,0,1.14%,-34.58%,,,,,,,,,,,,
,,,,,,,,,,,,,,,,,,2022,7/14/2022,3.562,00,,,,,,,,,,1.26%,3.562,00,44.89,13.581,92,2.698,20,3.937,42,8%,281%,0.33%,1.66%,0.35%,8.53%,8.53%,0,1.14%,-34.10%,,,,,,,,,,,,
,,,,,,,,,,,,,,,,,,2022,7/15/2022,3.650,00,,,,,,,,,,1.23%,3.650,00,44.89,13.581,92,2.698,20,3.937,42,9%,272%,0.33%,1.66%,0.34%,5.92%,5.92%,0,1.14%,-32.47%,,,,,,,,,,,,
,,,,,,,,,,,,,,,,,,2022,7/18/2022,3.684,00,,,,,,,,,,1.22%,3.684,00,44.89,13.581,92,2.698,20,3.937,42,9%,269%,0.33%,1.66%,0.34%,4.94%,4.94%,0,1.14%,-31.84%,,,,,,,,,,,,
,,,,,,,,,,,,,,,,,,2022,7/19/2022,3.722,00,,,,,,,,,,1.21%,3.722,00,44.89,13.581,92,2.698,20,3.937,42,9%,265%,0.33%,1.66%,0.34%,3.87%,3.87%,0,1.14%,-31.14%,,,,,,,,,,,,
,,,,,,,,,,,,,,,,,,2022,7/20/2022,3.730,00,,,,,,,,,,1.20%,3.730,00,44.89,13.581,92,2.698,20,3.937,42,9%,264%,0.33%,1.66%,0.34%,3.65%,3.65%,0,1.14%,-30.99%,,,,,,,,,,,,
,,,,,,,,,,,,,,,,,,2022,7/21/2022,3.618,00,,,,,,,,,,1.24%,3.618,00,44.89,13.581,92,2.698,20,3.937,42,8%,275%,0.33%,1.66%,0.35%,6.85%,6.85%,0,1.14%,-33.06%,,,,,,,,,,,,
,,,,,,,,,,,,,,,,,,2022,7/22/2022,3.706,00,,,,,,,,,,1.21%,3.706,00,44.89,13.581,92,2.698,20,3.937,42,9%,266%,0.33%,1.66%,0.34%,4.32%,4.32%,0,1.14%,-31.43%,,,,,,,,,,,,
,,,,,,,,,,,,,,,,,,2022,7/25/2022,3.594,00,,,,,,,,,,1.25%,3.594,00,44.89,13.581,92,2.698,20,3.937,42,8%,278%,0.33%,1.66%,0.35%,7.57%,7.57%,0,1.14%,-33.51%,,,,,,,,,,,,
,,,,,,,,,,,,,,,,,,2022,7/26/2022,3.648,00,,,,,,,,,,1.23%,3.648,00,44.89,13.581,92,2.698,20,3.937,42,9%,272%,0.33%,1.66%,0.34%,5.98%,5.98%,0,1.14%,-32.51%,,,,,,,,,,,,
,,,,,,,,,,,,,,,,,,2022,7/27/2022,3.580,00,,,,,,,,,,1.25%,3.580,00,44.89,13.581,92,2.698,20,3.937,42,8%,279%,0.33%,1.66%,0.35%,7.99%,7.99%,0,1.14%,-33.77%,,,,,,,,,,,,
,,,,,,,,,,,,,,,,,,2022,7/28/2022,3.668,00,,,,,,,,,,1.22%,3.668,00,44.89,13.581,92,2.698,20,3.937,42,9%,270%,0.33%,1.66%,0.34%,5.40%,5.40%,0,1.14%,-32.14%,,,,,,,,,,,,
,,,,,,,,,,,,,,,,,,2022,7/29/2022,3.684,00,,,,,,,,,,1.22%,3.684,00,44.89,13.581,92,2.698,20,3.937,42,9%,269%,0.33%,1.66%,0.34%,4.94%,4.94%,0,1.14%,-31.84%,,,,,,,,,,,,
,,,,,,,,,,,,,,,,,,2022,8/1/2022,3.720,00,,,,,,,,,,1.21%,3.720,00,44.89,13.581,92,2.698,20,3.937,42,9%,265%,0.33%,1.66%,0.34%,3.92%,3.92%,0,1.14%,-31.17%,,,,,,,,,,,,
,,,,,,,,,,,,,,,,,,2022,8/2/2022,3.628,00,,,,,,,,,,1.24%,3.628,00,44.89,13.581,92,2.698,20,3.937,42,9%,274%,0.33%,1.66%,0.34%,6.56%,6.56%,0,1.14%,-32.88%,,,,,,,,,,,,
,,,,,,,,,,,,,,,,,,2022,8/3/2022,3.670,00,,,,,,,,,,1.22%,3.670,00,44.89,13.581,92,2.698,20,3.937,42,9%,270%,0.33%,1.66%,0.34%,5.34%,5.34%,0,1.14%,-32.10%,,,,,,,,,,,,
,,,,,,,,,,,,,,,,,,2022,8/4/2022,3.784,00,,,,,,,,,,1.19%,3.784,00,44.89,13.581,92,2.698,20,3.937,42,10%,259%,0.33%,1.66%,0.33%,2.17%,2.17%,0,1.14%,-29.99%,,,,,,,,,,,,
,,,,,,,,,,,,,,,,,,2022,8/5/2022,3.578,00,,,,,,,,,,1.25%,3.578,00,44.89,13.581,92,2.698,20,3.937,42,8%,280%,0.33%,1.66%,0.35%,8.05%,8.05%,0,1.14%,-33.80%,,,,,,,,,,,,
,,,,,,,,,,,,,,,,,,2022,8/8/2022,3.554,00,,,,,,,,,,1.26%,3.554,00,44.89,13.581,92,2.698,20,3.937,42,8%,282%,0.33%,1.66%,0.35%,8.78%,8.78%,0,1.14%,-34.25%,,,,,,,,,,,,
,,,,,,,,,,,,,,,,,,2022,8/9/2022,3.494,00,,,,,,,,,,1.28%,3.494,00,44.89,13.581,92,2.698,20,3.937,42,7%,289%,0.33%,1.66%,0.36%,10.65%,10.65%,0,1.14%,-35.36%,,,,,,,,,,,,
,,,,,,,,,,,,,,,,,,2022,8/10/2022,3.602,00,,,,,,,,,,1.25%,3.602,00,44.89,13.581,92,2.698,20,3.937,42,8%,277%,0.33%,1.66%,0.35%,7.33%,7.33%,0,1.14%,-33.36%,,,,,,,,,,,,
,,,,,,,,,,,,,,,,,,2022,8/11/2022,3.656,00,,,,,,,,,,1.23%,3.656,00,44.89,13.581,92,2.698,20,3.937,42,9%,271%,0.33%,1.66%,0.34%,5.74%,5.74%,0,1.14%,-32.36%,,,,,,,,,,,,
,,,,,,,,,,,,,,,,,,2022,8/12/2022,3.568,00,,,,,,,,,,1.26%,3.568,00,44.89,13.581,92,2.698,20,3.937,42,8%,281%,0.33%,1.66%,0.35%,8.35%,8.35%,0,1.14%,-33.99%,,,,,,,,,,,,
,,,,,,,,,,,,,,,,,,2022,8/15/2022,3.630,00,,,,,,,,,,1.24%,3.630,00,44.89,13.581,92,2.698,20,3.937,42,9%,274%,0.33%,1.66%,0.34%,6.50%,6.50%,0,1.14%,-32.84%,,,,,,,,,,,,
,,,,,,,,,,,,,,,,,,2022,8/16/2022,3.516,00,,,,,,,,,,1.28%,3.516,00,44.89,13.581,92,2.698,20,3.937,42,8%,286%,0.33%,1.66%,0.36%,9.95%,9.95%,0,1.14%,-34.95%,,,,,,,,,,,,
,,,,,,,,,,,,,,,,,,2022,8/17/2022,3.540,00,,,,,,,,,,1.27%,3.540,00,44.89,13.581,92,2.698,20,3.937,42,8%,284%,0.33%,1.66%,0.35%,9.21%,9.21%,0,1.14%,-34.51%,,,,,,,,,,,,
,,,,,,,,,,,,,,,,,,2022,8/18/2022,3.580,00,,,,,,,,,,1.25%,3.580,00,44.89,13.581,92,2.698,20,3.937,42,8%,279%,0.33%,1.66%,0.35%,7.99%,7.99%,0,1.14%,-33.77%,,,,,,,,,,,,
,,,,,,,,,,,,,,,,,,2022,8/19/2022,3.542,00,,,,,,,,,,1.27%,3.542,00,44.89,13.581,92,2.698,20,3.937,42,8%,283%,0.33%,1.66%,0.35%,9.15%,9.15%,0,1.14%,-34.47%,,,,,,,,,,,,
,,,,,,,,,,,,,,,,,,2022,8/22/2022,3.500,00,,,,,,,,,,1.28%,3.500,00,44.89,13.581,92,2.698,20,3.937,42,7%,288%,0.33%,1.66%,0.36%,10.46%,10.46%,0,1.14%,-35.25%,,,,,,,,,,,,
,,,,,,,,,,,,,,,,,,2022,8/23/2022,3.418,00,,,,,,,,,,1.31%,3.418,00,44.89,13.581,92,2.698,20,3.937,42,7%,297%,0.33%,1.66%,0.37%,13.11%,13.11%,0,1.14%,-36.76%,,,,,,,,,,,,
,,,,,,,,,,,,,,,,,,2022,8/24/2022,3.498,00,,,,,,,,,,1.28%,3.498,00,44.89,13.581,92,2.698,20,3.937,42,7%,288%,0.33%,1.66%,0.36%,10.52%,10.52%,0,1.14%,-35.28%,,,,,,,,,,,,
,,,,,,,,,,,,,,,,,,2022,8/25/2022,3.506,00,,,,,,,,,,1.28%,3.506,00,44.89,13.581,92,2.698,20,3.937,42,7%,287%,0.33%,1.66%,0.36%,10.27%,10.27%,0,1.14%,-35.13%,,,,,,,,,,,,
,,,,,,,,,,,,,,,,,,2022,8/26/2022,3.440,00,,,,,,,,,,1.30%,3.440,00,44.89,13.581,92,2.698,20,3.937,42,7%,295%,0.33%,1.66%,0.36%,12.38%,12.38%,0,1.14%,-36.36%,,,,,,,,,,,,
,,,,,,,,,,,,,,,,,,2022,8/29/2022,,,,,,,,,,,1.30%,3.440,00,44.89,13.581,92,2.698,20,3.937,42,7%,295%,0.33%,1.66%,0.36%,12.38%,12.38%,0,1.14%,-36.36%,,,,,,,,,,,,
,,,,,,,,,,,,,,,,,,2022,8/30/2022,3.532,00,,,,,,,,,,1.27%,3.532,00,44.89,13.581,92,2.698,20,3.937,42,8%,285%,0.33%,1.66%,0.35%,9.46%,9.46%,0,1.14%,-34.65%,,,,,,,,,,,,
,,,,,,,,,,,,,,,,,,2022,8/31/2022,3.490,00,,,,,,,,,,1.29%,3.490,00,44.89,13.581,92,2.698,20,3.937,42,7%,289%,0.33%,1.66%,0.36%,10.77%,10.77%,0,1.14%,-35.43%,,,,,,,,,,,,
,,,,,,,,,,,,,,,,,,2022,9/1/2022,3.398,00,,,,,,,,,,1.32%,3.398,00,44.89,13.581,92,2.698,20,3.937,42,6%,300%,0.33%,1.66%,0.37%,13.77%,13.77%,0,1.14%,-37.13%,,,,,,,,,,,,
,,,,,,,,,,,,,,,,,,2022,9/2/2022,3.496,00,,,,,,,,,,1.28%,3.496,00,44.89,13.581,92,2.698,20,3.937,42,7%,288%,0.33%,1.66%,0.36%,10.58%,10.58%,0,1.14%,-35.32%,,,,,,,,,,,,
,,,,,,,,,,,,,,,,,,2022,9/5/2022,3.126,00,,,,,,,,,,1.44%,3.126,00,44.89,13.581,92,2.698,20,3.937,42,4%,334%,0.33%,1.66%,0.40%,23.67%,23.67%,0,1.14%,-42.16%,,,,,,,,,,,,
,,,,,,,,,,,,,,,,,,2022,9/6/2022,3.170,00,,,,,,,,,,1.42%,3.170,00,44.89,13.581,92,2.698,20,3.937,42,4%,328%,0.33%,1.66%,0.39%,21.96%,21.96%,0,1.14%,-41.35%,,,,,,,,,,,,
,,,,,,,,,,,,,,,,,,2022,9/7/2022,3.180,00,,,,,,,,,,1.41%,3.180,00,44.89,13.581,92,2.698,20,3.937,42,4%,327%,0.33%,1.66%,0.39%,21.57%,21.57%,0,1.14%,-41.17%,,,,,,,,,,,,
,,,,,,,,,,,,,,,,,,2022,9/8/2022,3.248,00,,,,,,,,,,1.38%,3.248,00,44.89,13.581,92,2.698,20,3.937,42,5%,318%,0.33%,1.66%,0.38%,19.03%,19.03%,0,1.14%,-39.91%,,,,,,,,,,,,
,,,,,,,,,,,,,,,,,,2022,9/9/2022,3.288,00,,,,,,,,,,1.37%,3.288,00,44.89,13.581,92,2.698,20,3.937,42,5%,313%,0.33%,1.66%,0.38%,17.58%,17.58%,0,1.14%,-39.17%,,,,,,,,,,,,
,,,,,,,,,,,,,,,,,,2022,9/12/2022,3.310,00,,,,,,,,,,1.36%,3.310,00,44.89,13.581,92,2.698,20,3.937,42,6%,310%,0.33%,1.66%,0.38%,16.80%,16.80%,0,1.14%,-38.76%,,,,,,,,,,,,
,,,,,,,,,,,,,,,,,,2022,9/13/2022,3.278,00,,,,,,,,,,1.37%,3.278,00,44.89,13.581,92,2.698,20,3.937,42,5%,314%,0.33%,1.66%,0.38%,17.94%,17.94%,0,1.14%,-39.35%,,,,,,,,,,,,
,,,,,,,,,,,,,,,,,,2022,9/14/2022,3.170,00,,,,,,,,,,1.42%,3.170,00,44.89,13.581,92,2.698,20,3.937,42,4%,328%,0.33%,1.66%,0.39%,21.96%,21.96%,0,1.14%,-41.35%,,,,,,,,,,,,
,,,,,,,,,,,,,,,,,,2022,9/15/2022,3.088,00,,,,,,,,,,1.45%,3.088,00,44.89,13.581,92,2.698,20,3.937,42,4%,340%,0.33%,1.66%,0.40%,25.19%,25.19%,0,1.14%,-42.87%,,,,,,,,,,,,
,,,,,,,,,,,,,,,,,,2022,9/16/2022,2.950,00,,,,,,,,,,1.52%,2.950,00,44.89,13.581,92,2.698,20,3.937,42,2%,360%,0.33%,1.66%,0.42%,31.05%,31.05%,0,1.14%,-45.42%,,,,,,,,,,,,
,,,,,,,,,,,,,,,,,,2022,9/19/2022,,,,,,,,,,,1.52%,2.950,00,44.89,13.581,92,2.698,20,3.937,42,2%,360%,0.33%,1.66%,0.42%,31.05%,31.05%,0,1.14%,-45.42%,,,,,,,,,,,,
,,,,,,,,,,,,,,,,,,2022,9/20/2022,2.922,00,,,,,,,,,,1.54%,2.922,00,44.89,13.581,92,2.698,20,3.937,42,2%,365%,0.33%,1.66%,0.43%,32.31%,32.31%,0,1.14%,-45.94%,,,,,,,,,,,,
,,,,,,,,,,,,,,,,,,2022,9/21/2022,2.946,00,,,,,,,,,,1.52%,2.946,00,44.89,13.581,92,2.698,20,3.937,42,2%,361%,0.33%,1.66%,0.42%,31.23%,31.23%,0,1.14%,-45.49%,,,,,,,,,,,,
,,,,,,,,,,,,,,,,,,2022,9/22/2022,2.764,00,,,,,,,,,,1.62%,2.764,00,44.89,13.581,92,2.698,20,3.937,42,1%,391%,0.33%,1.66%,0.45%,39.87%,39.87%,0,1.14%,-48.86%,,,,,,,,,,,,
,,,,,,,,,,,,,,,,,,2022,9/23/2022,2.700,00,,,,,,,,,,1.66%,2.700,00,44.89,13.581,92,2.698,20,3.937,42,0%,403%,0.33%,1.66%,0.46%,43.19%,43.19%,0,1.14%,-50.05%,,,,,,,,,,,,
,,,,,,,,,,,,,,,,,,2022,9/26/2022,2.640,00,,,,,,,,,,1.70%,2.640,00,44.89,13.581,92,2.698,20,3.937,42,-1%,414%,0.33%,1.66%,0.47%,46.44%,46.44%,0,1.14%,-51.16%,,,,,,,,,,,,
,,,,,,,,,,,,,,,,,,2022,9/27/2022,2.620,00,,,,,,,,,,1.71%,2.620,00,44.89,13.581,92,2.698,20,3.937,42,-1%,418%,0.33%,1.66%,0.48%,47.56%,47.56%,0,1.14%,-51.53%,,,,,,,,,,,,
,,,,,,,,,,,,,,,,,,2022,9/28/2022,2.662,00,,,,,,,,,,1.69%,2.662,00,44.89,13.581,92,2.698,20,3.937,42,0%,410%,0.33%,1.66%,0.47%,45.23%,45.23%,0,1.14%,-50.75%,,,,,,,,,,,,
,,,,,,,,,,,,,,,,,,2022,9/29/2022,2.524,00,,,,,,,,,,1.78%,2.524,00,44.89,13.581,92,2.698,20,3.937,42,-2%,438%,0.33%,1.66%,0.50%,53.17%,53.17%,0,1.14%,-53.30%,,,,,,,,,,,,
,,,,,,,,,,,,,,,,,,2022,9/30/2022,2.622,00,,,,,,,,,,1.71%,2.622,00,44.89,13.581,92,2.698,20,3.937,42,-1%,418%,0.33%,1.66%,0.48%,47.44%,47.44%,0,1.14%,-51.49%,,,,,,,,,,,,
,,,,,,,,,,,,,,,,,,2022,10/3/2022,2.634,00,,,,,,,,,,1.70%,2.634,00,44.89,13.581,92,2.698,20,3.937,42,-1%,416%,0.33%,1.66%,0.47%,46.77%,46.77%,0,1.14%,-51.27%,,,,,,,,,,,,
,,,,,,,,,,,,,,,,,,2022,10/4/2022,2.630,00,,,,,,,,,,1.71%,2.630,00,44.89,13.581,92,2.698,20,3.937,42,-1%,416%,0.33%,1.66%,0.48%,47.00%,47.00%,0,1.14%,-51.34%,,,,,,,,,,,,
,,,,,,,,,,,,,,,,,,2022,10/5/2022,2.546,00,,,,,,,,,,1.76%,2.546,00,44.89,13.581,92,2.698,20,3.937,42,-1%,433%,0.33%,1.66%,0.49%,51.85%,51.85%,0,1.14%,-52.90%,,,,,,,,,,,,
,,,,,,,,,,,,,,,,,,2022,10/6/2022,2.584,00,,,,,,,,,,1.74%,2.584,00,44.89,13.581,92,2.698,20,3.937,42,-1%,426%,0.33%,1.66%,0.48%,49.61%,49.61%,0,1.14%,-52.19%,,,,,,,,,,,,
,,,,,,,,,,,,,,,,,,2022,10/7/2022,2.520,00,,,,,,,,,,1.78%,2.520,00,44.89,13.581,92,2.698,20,3.937,42,-2%,439%,0.33%,1.66%,0.50%,53.41%,53.41%,0,1.14%,-53.38%,,,,,,,,,,,,
,,,,,,,,,,,,,,,,,,2022,10/10/2022,2.548,00,,,,,,,,,,1.76%,2.548,00,44.89,13.581,92,2.698,20,3.937,42,-1%,433%,0.33%,1.66%,0.49%,51.73%,51.73%,0,1.14%,-52.86%,,,,,,,,,,,,
,,,,,,,,,,,,,,,,,,2022,10/11/2022,2.560,00,,,,,,,,,,1.75%,2.560,00,44.89,13.581,92,2.698,20,3.937,42,-1%,431%,0.33%,1.66%,0.49%,51.02%,51.02%,0,1.14%,-52.64%,,,,,,,,,,,,
,,,,,,,,,,,,,,,,,,2022,10/12/2022,2.556,00,,,,,,,,,,1.76%,2.556,00,44.89,13.581,92,2.698,20,3.937,42,-1%,431%,0.33%,1.66%,0.49%,51.25%,51.25%,0,1.14%,-52.71%,,,,,,,,,,,,
,,,,,,,,,,,,,,,,,,2022,10/13/2022,2.614,00,,,,,,,,,,1.72%,2.614,00,44.89,13.581,92,2.698,20,3.937,42,-1%,420%,0.33%,1.66%,0.48%,47.90%,47.90%,0,1.14%,-51.64%,,,,,,,,,,,,
,,,,,,,,,,,,,,,,,,2022,10/14/2022,2.656,00,,,,,,,,,,1.69%,2.656,00,44.89,13.581,92,2.698,20,3.937,42,0%,411%,0.33%,1.66%,0.47%,45.56%,45.56%,0,1.14%,-50.86%,,,,,,,,,,,,
,,,,,,,,,,,,,,,,,,2022,10/17/2022,2.696,00,,,,,,,,,,1.67%,2.696,00,44.89,13.581,92,2.698,20,3.937,42,0%,404%,0.33%,1.66%,0.46%,43.40%,43.40%,0,1.14%,-50.12%,,,,,,,,,,,,
,,,,,,,,,,,,,,,,,,2022,10/18/2022,2.714,00,,,,,,,,,,1.65%,2.714,00,44.89,13.581,92,2.698,20,3.937,42,0%,400%,0.33%,1.66%,0.46%,42.45%,42.45%,0,1.14%,-49.79%,,,,,,,,,,,,
,,,,,,,,,,,,,,,,,,2022,10/19/2022,2.608,00,,,,,,,,,,1.72%,2.608,00,44.89,13.581,92,2.698,20,3.937,42,-1%,421%,0.33%,1.66%,0.48%,48.24%,48.24%,0,1.14%,-51.75%,,,,,,,,,,,,
,,,,,,,,,,,,,,,,,,2022,10/20/2022,2.590,00,,,,,,,,,,1.73%,2.590,00,44.89,13.581,92,2.698,20,3.937,42,-1%,424%,0.33%,1.66%,0.48%,49.27%,49.27%,0,1.14%,-52.08%,,,,,,,,,,,,
,,,,,,,,,,,,,,,,,,2022,10/21/2022,2.540,00,,,,,,,,,,1.77%,2.540,00,44.89,13.581,92,2.698,20,3.937,42,-1%,435%,0.33%,1.66%,0.49%,52.20%,52.20%,0,1.14%,-53.01%,,,,,,,,,,,,
,,,,,,,,,,,,,,,,,,2022,10/24/2022,2.594,00,,,,,,,,,,1.73%,2.594,00,44.89,13.581,92,2.698,20,3.937,42,-1%,424%,0.33%,1.66%,0.48%,49.04%,49.04%,0,1.14%,-52.01%,,,,,,,,,,,,
,,,,,,,,,,,,,,,,,,2022,10/25/2022,2.648,00,,,,,,,,,,1.70%,2.648,00,44.89,13.581,92,2.698,20,3.937,42,0%,413%,0.33%,1.66%,0.47%,46.00%,46.00%,0,1.14%,-51.01%,,,,,,,,,,,,
,,,,,,,,,,,,,,,,,,2022,10/26/2022,2.714,00,,,,,,,,,,1.65%,2.714,00,44.89,13.581,92,2.698,20,3.937,42,0%,400%,0.33%,1.66%,0.46%,42.45%,42.45%,0,1.14%,-49.79%,,,,,,,,,,,,
,,,,,,,,,,,,,,,,,,2022,10/27/2022,2.674,00,,,,,,,,,,1.68%,2.674,00,44.89,13.581,92,2.698,20,3.937,42,0%,408%,0.33%,1.66%,0.47%,44.58%,44.58%,0,1.14%,-50.53%,,,,,,,,,,,,
,,,,,,,,,,,,,,,,,,2022,10/28/2022,2.644,00,,,,,,,,,,1.70%,2.644,00,44.89,13.581,92,2.698,20,3.937,42,0%,414%,0.33%,1.66%,0.47%,46.22%,46.22%,0,1.14%,-51.08%,,,,,,,,,,,,
,,,,,,,,,,,,,,,,,,2022,10/31/2022,2.620,00,,,,,,,,,,1.71%,2.620,00,44.89,13.581,92,2.698,20,3.937,42,-1%,418%,0.33%,1.66%,0.48%,47.56%,47.56%,0,1.14%,-51.53%,,,,,,,,,,,,
,,,,,,,,,,,,,,,,,,2022,11/1/2022,2.638,00,,,,,,,,,,1.70%,2.638,00,44.89,13.581,92,2.698,20,3.937,42,-1%,415%,0.33%,1.66%,0.47%,46.55%,46.55%,0,1.14%,-51.19%,,,,,,,,,,,,
,,,,,,,,,,,,,,,,,,2022,11/2/2022,2.668,00,,,,,,,,,,1.68%,2.668,00,44.89,13.581,92,2.698,20,3.937,42,0%,409%,0.33%,1.66%,0.47%,44.90%,44.90%,0,1.14%,-50.64%,,,,,,,,,,,,
,,,,,,,,,,,,,,,,,,2022,11/3/2022,2.598,00,,,,,,,,,,1.73%,2.598,00,44.89,13.581,92,2.698,20,3.937,42,-1%,423%,0.33%,1.66%,0.48%,48.81%,48.81%,0,1.14%,-51.93%,,,,,,,,,,,,
,,,,,,,,,,,,,,,,,,2022,11/4/2022,2.600,00,,,,,,,,,,1.73%,2.600,00,44.89,13.581,92,2.698,20,3.937,42,-1%,422%,0.33%,1.66%,0.48%,48.69%,48.69%,0,1.14%,-51.90%,,,,,,,,,,,,
,,,,,,,,,,,,,,,,,,2022,11/7/2022,2.596,00,,,,,,,,,,1.73%,2.596,00,44.89,13.581,92,2.698,20,3.937,42,-1%,423%,0.33%,1.66%,0.48%,48.92%,48.92%,0,1.14%,-51.97%,,,,,,,,,,,,
,,,,,,,,,,,,,,,,,,2022,11/8/2022,2.622,00,,,,,,,,,,1.71%,2.622,00,44.89,13.581,92,2.698,20,3.937,42,-1%,418%,0.33%,1.66%,0.48%,47.44%,47.44%,0,1.14%,-51.49%,,,,,,,,,,,,
,,,,,,,,,,,,,,,,,,2022,11/9/2022,2.662,00,,,,,,,,,,1.69%,2.662,00,44.89,13.581,92,2.698,20,3.937,42,0%,410%,0.33%,1.66%,0.47%,45.23%,45.23%,0,1.14%,-50.75%,,,,,,,,,,,,
,,,,,,,,,,,,,,,,,,2022,11/10/2022,2.840,00,,,,,,,,,,1.58%,2.840,00,44.89,13.581,92,2.698,20,3.937,42,1%,378%,0.33%,1.66%,0.44%,36.13%,36.13%,0,1.14%,-47.46%,,,,,,,,,,,,
,,,,,,,,,,,,,,,,,,2022,11/11/2022,2.968,00,,,,,,,,,,1.51%,2.968,00,44.89,13.581,92,2.698,20,3.937,42,2%,358%,0.33%,1.66%,0.42%,30.26%,30.26%,0,1.14%,-45.09%,,,,,,,,,,,,
,,,,,,,,,,,,,,,,,,2022,11/14/2022,2.930,00,,,,,,,,,,1.53%,2.930,00,44.89,13.581,92,2.698,20,3.937,42,2%,364%,0.33%,1.66%,0.43%,31.95%,31.95%,0,1.14%,-45.79%,,,,,,,,,,,,
,,,,,,,,,,,,,,,,,,2022,11/15/2022,2.880,00,,,,,,,,,,1.56%,2.880,00,44.89,13.581,92,2.698,20,3.937,42,2%,372%,0.33%,1.66%,0.43%,34.24%,34.24%,0,1.14%,-46.72%,,,,,,,,,,,,
,,,,,,,,,,,,,,,,,,2022,11/16/2022,2.764,00,,,,,,,,,,1.62%,2.764,00,44.89,13.581,92,2.698,20,3.937,42,1%,391%,0.33%,1.66%,0.45%,39.87%,39.87%,0,1.14%,-48.86%,,,,,,,,,,,,
,,,,,,,,,,,,,,,,,,2022,11/17/2022,2.714,00,,,,,,,,,,1.65%,2.714,00,44.89,13.581,92,2.698,20,3.937,42,0%,400%,0.33%,1.66%,0.46%,42.45%,42.45%,0,1.14%,-49.79%,,,,,,,,,,,,
,,,,,,,,,,,,,,,,,,2022,11/18/2022,2.730,00,,,,,,,,,,1.64%,2.730,00,44.89,13.581,92,2.698,20,3.937,42,0%,398%,0.33%,1.66%,0.46%,41.61%,41.61%,0,1.14%,-49.49%,,,,,,,,,,,,
,,,,,,,,,,,,,,,,,,2022,11/21/2022,2.750,00,,,,,,,,,,1.63%,2.750,00,44.89,13.581,92,2.698,20,3.937,42,0%,394%,0.33%,1.66%,0.45%,40.58%,40.58%,0,1.14%,-49.12%,,,,,,,,,,,,
,,,,,,,,,,,,,,,,,,2022,11/22/2022,2.736,00,,,,,,,,,,1.64%,2.736,00,44.89,13.581,92,2.698,20,3.937,42,0%,396%,0.33%,1.66%,0.46%,41.30%,41.30%,0,1.14%,-49.38%,,,,,,,,,,,,
,,,,,,,,,,,,,,,,,,2022,11/23/2022,2.718,00,,,,,,,,,,1.65%,2.718,00,44.89,13.581,92,2.698,20,3.937,42,0%,400%,0.33%,1.66%,0.46%,42.24%,42.24%,0,1.14%,-49.71%,,,,,,,,,,,,
,,,,,,,,,,,,,,,,,,2022,11/24/2022,2.756,00,,,,,,,,,,1.63%,2.756,00,44.89,13.581,92,2.698,20,3.937,42,1%,393%,0.33%,1.66%,0.45%,40.28%,40.28%,0,1.14%,-49.01%,,,,,,,,,,,,
,,,,,,,,,,,,,,,,,,2022,11/25/2022,2.762,00,,,,,,,,,,1.63%,2.762,00,44.89,13.581,92,2.698,20,3.937,42,1%,392%,0.33%,1.66%,0.45%,39.97%,39.97%,0,1.14%,-48.90%,,,,,,,,,,,,
,,,,,,,,,,,,,,,,,,2022,11/28/2022,2.738,00,,,,,,,,,,1.64%,2.738,00,44.89,13.581,92,2.698,20,3.937,42,0%,396%,0.33%,1.66%,0.46%,41.20%,41.20%,0,1.14%,-49.34%,,,,,,,,,,,,
,,,,,,,,,,,,,,,,,,2022,11/29/2022,2.674,00,,,,,,,,,,1.68%,2.674,00,44.89,13.581,92,2.698,20,3.937,42,0%,408%,0.33%,1.66%,0.47%,44.58%,44.58%,0,1.14%,-50.53%,,,,,,,,,,,,
,,,,,,,,,,,,,,,,,,2022,11/30/2022,2.720,00,,,,,,,,,,1.65%,2.720,00,44.89,13.581,92,2.698,20,3.937,42,0%,399%,0.33%,1.66%,0.46%,42.13%,42.13%,0,1.14%,-49.68%,,,,,,,,,,,,
,,,,,,,,,,,,,,,,,,2022,12/1/2022,2.778,00,,,,,,,,,,1.62%,2.778,00,44.89,13.581,92,2.698,20,3.937,42,1%,389%,0.33%,1.66%,0.45%,39.16%,39.16%,0,1.14%,-48.60%,,,,,,,,,,,,
,,,,,,,,,,,,,,,,,,2022,12/2/2022,2.790,00,,,,,,,,,,1.61%,2.790,00,44.89,13.581,92,2.698,20,3.937,42,1%,387%,0.33%,1.66%,0.45%,38.57%,38.57%,0,1.14%,-48.38%,,,,,,,,,,,,
,,,,,,,,,,,,,,,,,,2022,12/5/2022,2.762,00,,,,,,,,,,1.63%,2.762,00,44.89,13.581,92,2.698,20,3.937,42,1%,392%,0.33%,1.66%,0.45%,39.97%,39.97%,0,1.14%,-48.90%,,,,,,,,,,,,
,,,,,,,,,,,,,,,,,,2022,12/6/2022,2.680,00,,,,,,,,,,1.68%,2.680,00,44.89,13.581,92,2.698,20,3.937,42,0%,407%,0.33%,1.66%,0.47%,44.25%,44.25%,0,1.14%,-50.42%,,,,,,,,,,,,
,,,,,,,,,,,,,,,,,,2022,12/7/2022,2.736,00,,,,,,,,,,1.64%,2.736,00,44.89,13.581,92,2.698,20,3.937,42,0%,396%,0.33%,1.66%,0.46%,41.30%,41.30%,0,1.14%,-49.38%,,,,,,,,,,,,
,,,,,,,,,,,,,,,,,,2022,12/8/2022,2.676,00,,,,,,,,,,1.68%,2.676,00,44.89,13.581,92,2.698,20,3.937,42,0%,408%,0.33%,1.66%,0.47%,44.47%,44.47%,0,1.14%,-50.49%,,,,,,,,,,,,
,,,,,,,,,,,,,,,,,,2022,12/9/2022,2.718,00,,,,,,,,,,1.65%,2.718,00,44.89,13.581,92,2.698,20,3.937,42,0%,400%,0.33%,1.66%,0.46%,42.24%,42.24%,0,1.14%,-49.71%,,,,,,,,,,,,
,,,,,,,,,,,,,,,,,,2022,12/12/2022,2.758,00,,,,,,,,,,1.63%,2.758,00,44.89,13.581,92,2.698,20,3.937,42,1%,392%,0.33%,1.66%,0.45%,40.17%,40.17%,0,1.14%,-48.97%,,,,,,,,,,,,
,,,,,,,,,,,,,,,,,,2022,12/13/2022,2.828,00,,,,,,,,,,1.59%,2.828,00,44.89,13.581,92,2.698,20,3.937,42,1%,380%,0.33%,1.66%,0.44%,36.70%,36.70%,0,1.14%,-47.68%,,,,,,,,,,,,
,,,,,,,,,,,,,,,,,,2022,12/14/2022,2.820,00,,,,,,,,,,1.59%,2.820,00,44.89,13.581,92,2.698,20,3.937,42,1%,382%,0.33%,1.66%,0.44%,37.09%,37.09%,0,1.14%,-47.83%,,,,,,,,,,,,
,,,,,,,,,,,,,,,,,,2022,12/15/2022,2.774,00,,,,,,,,,,1.62%,2.774,00,44.89,13.581,92,2.698,20,3.937,42,1%,390%,0.33%,1.66%,0.45%,39.37%,39.37%,0,1.14%,-48.68%,,,,,,,,,,,,
,,,,,,,,,,,,,,,,,,2022,12/16/2022,2.732,00,,,,,,,,,,1.64%,2.732,00,44.89,13.581,92,2.698,20,3.937,42,0%,397%,0.33%,1.66%,0.46%,41.51%,41.51%,0,1.14%,-49.45%,,,,,,,,,,,,
,,,,,,,,,,,,,,,,,,2022,12/19/2022,2.628,00,,,,,,,,,,1.71%,2.628,00,44.89,13.581,92,2.698,20,3.937,42,-1%,417%,0.33%,1.66%,0.48%,47.11%,47.11%,0,1.14%,-51.38%,,,,,,,,,,,,
,,,,,,,,,,,,,,,,,,2022,12/20/2022,2.598,00,,,,,,,,,,1.73%,2.598,00,44.89,13.581,92,2.698,20,3.937,42,-1%,423%,0.33%,1.66%,0.48%,48.81%,48.81%,0,1.14%,-51.93%,,,,,,,,,,,,
,,,,,,,,,,,,,,,,,,2022,12/21/2022,2.634,00,,,,,,,,,,1.70%,2.634,00,44.89,13.581,92,2.698,20,3.937,42,-1%,416%,0.33%,1.66%,0.47%,46.77%,46.77%,0,1.14%,-51.27%,,,,,,,,,,,,
,,,,,,,,,,,,,,,,,,2022,12/22/2022,2.650,00,,,,,,,,,,1.69%,2.650,00,44.89,13.581,92,2.698,20,3.937,42,0%,413%,0.33%,1.66%,0.47%,45.89%,45.89%,0,1.14%,-50.97%,,,,,,,,,,,,
,,,,,,,,,,,,,,,,,,2022,12/23/2022,2.628,00,,,,,,,,,,1.71%,2.628,00,44.89,13.581,92,2.698,20,3.937,42,-1%,417%,0.33%,1.66%,0.48%,47.11%,47.11%,0,1.14%,-51.38%,,,,,,,,,,,,
,,,,,,,,,,,,,,,,,,2022,12/27/2022,,,,,,,,,,,1.71%,2.628,00,44.89,13.581,92,2.698,20,3.937,42,-1%,417%,0.33%,1.66%,0.48%,47.11%,47.11%,0,1.14%,-51.38%,,,,,,,,,,,,
,,,,,,,,,,,,,,,,,,2022,12/28/2022,2.660,00,,,,,,,,,,1.69%,2.660,00,44.89,13.581,92,2.698,20,3.937,42,0%,411%,0.33%,1.66%,0.47%,45.34%,45.34%,0,1.14%,-50.79%,,,,,,,,,,,,
,,,,,,,,,,,,,,,,,,2022,12/29/2022,2.672,00,,,,,,,,,,1.68%,2.672,00,44.89,13.581,92,2.698,20,3.937,42,0%,408%,0.33%,1.66%,0.47%,44.69%,44.69%,0,1.14%,-50.56%,,,,,,,,,,,,
,,,,,,,,,,,,,,,,,,2022,12/30/2022,2.618,00,,,,,,,,,,1.71%,2.618,00,44.89,13.581,92,2.698,20,3.937,42,-1%,419%,0.33%,1.66%,0.48%,47.67%,47.67%,0,1.14%,-51.56%,,,,,,,,,,,,
,,,,,,,,,,,,,,,,,,2023,1/2/2023,,,,,,,,,,,0.48%,2.618,00,12.50,3.782,00,751.34,1.096,41,62%,44%,0.33%,1.66%,0.48%,47.67%,47.67%,0,1.14%,-51.56%,,,,,,,,,,,,
,,,,,,,,,,,,,,,,,,2023,1/3/2023,2.622,00,,,,,,,,,,0.48%,2.622,00,12.50,3.782,00,751.34,1.096,41,62%,44%,0.33%,1.66%,0.48%,47.44%,47.44%,0,1.14%,-51.49%,,,,,,,,,,,,
,,,,,,,,,,,,,,,,,,2023,1/4/2023,2.610,00,,,,,,,,,,0.48%,2.610,00,12.50,3.782,00,751.34,1.096,41,61%,45%,0.33%,1.66%,0.48%,48.12%,48.12%,0,1.14%,-51.71%,,,,,,,,,,,,
,,,,,,,,,,,,,,,,,,2023,1/5/2023,2.568,00,,,,,,,,,,0.49%,2.568,00,12.50,3.782,00,751.34,1.096,41,60%,47%,0.33%,1.66%,0.49%,50.55%,50.55%,0,1.14%,-52.49%,,,,,,,,,,,,
,,,,,,,,,,,,,,,,,,2023,1/6/2023,2.560,00,,,,,,,,,,0.49%,2.560,00,12.50,3.782,00,751.34,1.096,41,60%,48%,0.33%,1.66%,0.49%,51.02%,51.02%,0,1.14%,-52.64%,,,,,,,,,,,,
,,,,,,,,,,,,,,,,,,2023,1/9/2023,2.664,00,,,,,,,,,,0.47%,2.664,00,12.50,3.782,00,751.34,1.096,41,63%,42%,0.33%,1.66%,0.47%,45.12%,45.12%,0,1.14%,-50.71%,,,,,,,,,,,,
,,,,,,,,,,,,,,,,,,2023,1/10/2023,2.638,00,,,,,,,,,,0.47%,2.638,00,12.50,3.782,00,751.34,1.096,41,62%,43%,0.33%,1.66%,0.47%,46.55%,46.55%,0,1.14%,-51.19%,,,,,,,,,,,,
,,,,,,,,,,,,,,,,,,2023,1/11/2023,2.698,00,,,,,,,,,,0.46%,2.698,00,12.50,3.782,00,751.34,1.096,41,64%,40%,0.33%,1.66%,0.46%,43.29%,43.29%,0,1.14%,-50.08%,,,,,,,,,,,,
,,,,,,,,,,,,,,,,,,2023,1/12/2023,2.826,00,,,,,,,,,,0.44%,2.826,00,12.50,3.782,00,751.34,1.096,41,68%,34%,0.33%,1.66%,0.44%,36.80%,36.80%,0,1.14%,-47.72%,,,,,,,,,,,,
,,,,,,,,,,,,,,,,,,2023,1/13/2023,2.948,00,,,,,,,,,,0.42%,2.948,00,12.50,3.782,00,751.34,1.096,41,72%,28%,0.33%,1.66%,0.42%,31.14%,31.14%,0,1.14%,-45.46%,,,,,,,,,,,,
,,,,,,,,,,,,,,,,,,2023,1/16/2023,2.978,00,,,,,,,,,,0.42%,2.978,00,12.50,3.782,00,751.34,1.096,41,73%,27%,0.33%,1.66%,0.42%,29.82%,29.82%,0,1.14%,-44.90%,,,,,,,,,,,,
,,,,,,,,,,,,,,,,,,2023,1/17/2023,2.920,00,,,,,,,,,,0.43%,2.920,00,12.50,3.782,00,751.34,1.096,41,72%,30%,0.33%,1.66%,0.43%,32.40%,32.40%,0,1.14%,-45.98%,,,,,,,,,,,,
,,,,,,,,,,,,,,,,,,2023,1/18/2023,2.850,00,,,,,,,,,,0.44%,2.850,00,12.50,3.782,00,751.34,1.096,41,69%,33%,0.33%,1.66%,0.44%,35.65%,35.65%,0,1.14%,-47.27%,,,,,,,,,,,,
,,,,,,,,,,,,,,,,,,2023,1/19/2023,2.790,00,,,,,,,,,,0.45%,2.790,00,12.50,3.782,00,751.34,1.096,41,67%,36%,0.33%,1.66%,0.45%,38.57%,38.57%,0,1.14%,-48.38%,,,,,,,,,,,,
,,,,,,,,,,,,,,,,,,2023,1/20/2023,2.714,00,,,,,,,,,,0.46%,2.714,00,12.50,3.782,00,751.34,1.096,41,65%,39%,0.33%,1.66%,0.46%,42.45%,42.45%,0,1.14%,-49.79%,,,,,,,,,,,,
,,,,,,,,,,,,,,,,,,2023,1/23/2023,2.712,00,,,,,,,,,,0.46%,2.712,00,12.50,3.782,00,751.34,1.096,41,65%,39%,0.33%,1.66%,0.46%,42.55%,42.55%,0,1.14%,-49.82%,,,,,,,,,,,,
,,,,,,,,,,,,,,,,,,2023,1/24/2023,2.684,00,,,,,,,,,,0.47%,2.684,00,12.50,3.782,00,751.34,1.096,41,64%,41%,0.33%,1.66%,0.47%,44.04%,44.04%,0,1.14%,-50.34%,,,,,,,,,,,,
,,,,,,,,,,,,,,,,,,2023,1/25/2023,2.774,00,,,,,,,,,,0.45%,2.774,00,12.50,3.782,00,751.34,1.096,41,67%,36%,0.33%,1.66%,0.45%,39.37%,39.37%,0,1.14%,-48.68%,,,,,,,,,,,,
,,,,,,,,,,,,,,,,,,2023,1/26/2023,2.796,00,,,,,,,,,,0.45%,2.796,00,12.50,3.782,00,751.34,1.096,41,67%,35%,0.33%,1.66%,0.45%,38.27%,38.27%,0,1.14%,-48.27%,,,,,,,,,,,,
,,,,,,,,,,,,,,,,,,2023,1/27/2023,2.826,00,,,,,,,,,,0.44%,2.826,00,12.50,3.782,00,751.34,1.096,41,68%,34%,0.33%,1.66%,0.44%,36.80%,36.80%,0,1.14%,-47.72%,,,,,,,,,,,,
,,,,,,,,,,,,,,,,,,2023,1/30/2023,2.874,00,,,,,,,,,,0.43%,2.874,00,12.50,3.782,00,751.34,1.096,41,70%,32%,0.33%,1.66%,0.43%,34.52%,34.52%,0,1.14%,-46.83%,,,,,,,,,,,,
,,,,,,,,,,,,,,,,,,2023,1/31/2023,2.866,00,,,,,,,,,,0.44%,2.866,00,12.50,3.782,00,751.34,1.096,41,70%,32%,0.33%,1.66%,0.44%,34.89%,34.89%,0,1.14%,-46.98%,,,,,,,,,,,,
,,,,,,,,,,,,,,,,,,2023,2/1/2023,2.904,00,,,,,,,,,,0.43%,2.904,00,12.50,3.782,00,751.34,1.096,41,71%,30%,0.33%,1.66%,0.43%,33.13%,33.13%,0,1.14%,-46.27%,,,,,,,,,,,,
,,,,,,,,,,,,,,,,,,2023,2/2/2023,3.064,00,,,,,,,,,,0.41%,3.064,00,12.50,3.782,00,751.34,1.096,41,76%,23%,0.33%,1.66%,0.41%,26.17%,26.17%,0,1.14%,-43.31%,,,,,,,,,,,,
,,,,,,,,,,,,,,,,,,2023,2/3/2023,3.114,00,,,,,,,,,,0.40%,3.114,00,12.50,3.782,00,751.34,1.096,41,78%,21%,0.33%,1.66%,0.40%,24.15%,24.15%,0,1.14%,-42.39%,,,,,,,,,,,,
,,,,,,,,,,,,,,,,,,2023,2/6/2023,3.136,00,,,,,,,,,,0.40%,3.136,00,12.50,3.782,00,751.34,1.096,41,79%,21%,0.33%,1.66%,0.40%,23.28%,23.28%,0,1.14%,-41.98%,,,,,,,,,,,,
,,,,,,,,,,,,,,,,,,2023,2/7/2023,3.178,00,,,,,,,,,,0.39%,3.178,00,12.50,3.782,00,751.34,1.096,41,80%,19%,0.33%,1.66%,0.39%,21.65%,21.65%,0,1.14%,-41.20%,,,,,,,,,,,,
,,,,,,,,,,,,,,,,,,2023,2/8/2023,3.192,00,,,,,,,,,,0.39%,3.192,00,12.50,3.782,00,751.34,1.096,41,81%,18%,0.33%,1.66%,0.39%,21.12%,21.12%,0,1.14%,-40.94%,,,,,,,,,,,,
,,,,,,,,,,,,,,,,,,2023,2/9/2023,3.128,00,,,,,,,,,,0.40%,3.128,00,12.50,3.782,00,751.34,1.096,41,78%,21%,0.33%,1.66%,0.40%,23.59%,23.59%,0,1.14%,-42.13%,,,,,,,,,,,,
,,,,,,,,,,,,,,,,,,2023,2/10/2023,3.038,00,,,,,,,,,,0.41%,3.038,00,12.50,3.782,00,751.34,1.096,41,75%,24%,0.33%,1.66%,0.41%,27.25%,27.25%,0,1.14%,-43.79%,,,,,,,,,,,,
,,,,,,,,,,,,,,,,,,2023,2/13/2023,2.990,00,,,,,,,,,,0.42%,2.990,00,12.50,3.782,00,751.34,1.096,41,74%,26%,0.33%,1.66%,0.42%,29.30%,29.30%,0,1.14%,-44.68%,,,,,,,,,,,,
,,,,,,,,,,,,,,,,,,2023,2/14/2023,3.026,00,,,,,,,,,,0.41%,3.026,00,12.50,3.782,00,751.34,1.096,41,75%,25%,0.33%,1.66%,0.41%,27.76%,27.76%,0,1.14%,-44.01%,,,,,,,,,,,,
,,,,,,,,,,,,,,,,,,2023,2/15/2023,3.090,00,,,,,,,,,,0.40%,3.090,00,12.50,3.782,00,751.34,1.096,41,77%,22%,0.33%,1.66%,0.40%,25.11%,25.11%,0,1.14%,-42.83%,,,,,,,,,,,,
,,,,,,,,,,,,,,,,,,2023,2/16/2023,3.146,00,,,,,,,,,,0.40%,3.146,00,12.50,3.782,00,751.34,1.096,41,79%,20%,0.33%,1.66%,0.40%,22.89%,22.89%,0,1.14%,-41.79%,,,,,,,,,,,,
,,,,,,,,,,,,,,,,,,2023,2/17/2023,3.064,00,,,,,,,,,,0.41%,3.064,00,12.50,3.782,00,751.34,1.096,41,76%,23%,0.33%,1.66%,0.41%,26.17%,26.17%,0,1.14%,-43.31%,,,,,,,,,,,,
,,,,,,,,,,,,,,,,,,2023,2/20/2023,3.106,00,,,,,,,,,,0.40%,3.106,00,12.50,3.782,00,751.34,1.096,41,78%,22%,0.33%,1.66%,0.40%,24.47%,24.47%,0,1.14%,-42.53%,,,,,,,,,,,,
,,,,,,,,,,,,,,,,,,2023,2/21/2023,3.090,00,,,,,,,,,,0.40%,3.090,00,12.50,3.782,00,751.34,1.096,41,77%,22%,0.33%,1.66%,0.40%,25.11%,25.11%,0,1.14%,-42.83%,,,,,,,,,,,,
,,,,,,,,,,,,,,,,,,2023,2/22/2023,3.030,00,,,,,,,,,,0.41%,3.030,00,12.50,3.782,00,751.34,1.096,41,75%,25%,0.33%,1.66%,0.41%,27.59%,27.59%,0,1.14%,-43.94%,,,,,,,,,,,,
,,,,,,,,,,,,,,,,,,2023,2/23/2023,3.118,00,,,,,,,,,,0.40%,3.118,00,12.50,3.782,00,751.34,1.096,41,78%,21%,0.33%,1.66%,0.40%,23.99%,23.99%,0,1.14%,-42.31%,,,,,,,,,,,,
,,,,,,,,,,,,,,,,,,2023,2/24/2023,3.104,00,,,,,,,,,,0.40%,3.104,00,12.50,3.782,00,751.34,1.096,41,78%,22%,0.33%,1.66%,0.40%,24.55%,24.55%,0,1.14%,-42.57%,,,,,,,,,,,,
,,,,,,,,,,,,,,,,,,2023,2/27/2023,2.818,00,,,,,,,,,,0.44%,2.818,00,12.50,3.782,00,751.34,1.096,41,68%,34%,0.33%,1.66%,0.44%,37.19%,37.19%,0,1.14%,-47.86%,,,,,,,,,,,,
,,,,,,,,,,,,,,,,,,2023,2/28/2023,2.734,00,,,,,,,,,,0.46%,2.734,00,12.50,3.782,00,751.34,1.096,41,65%,38%,0.33%,1.66%,0.46%,41.40%,41.40%,0,1.14%,-49.42%,,,,,,,,,,,,
,,,,,,,,,,,,,,,,,,2023,3/1/2023,2.726,00,,,,,,,,,,0.46%,2.726,00,12.50,3.782,00,751.34,1.096,41,65%,39%,0.33%,1.66%,0.46%,41.82%,41.82%,0,1.14%,-49.57%,,,,,,,,,,,,
,,,,,,,,,,,,,,,,,,2023,3/2/2023,2.772,00,,,,,,,,,,0.45%,2.772,00,12.50,3.782,00,751.34,1.096,41,67%,36%,0.33%,1.66%,0.45%,39.47%,39.47%,0,1.14%,-48.71%,,,,,,,,,,,,
,,,,,,,,,,,,,,,,,,2023,3/3/2023,2.756,00,,,,,,,,,,0.45%,2.756,00,12.50,3.782,00,751.34,1.096,41,66%,37%,0.33%,1.66%,0.45%,40.28%,40.28%,0,1.14%,-49.01%,,,,,,,,,,,,
,,,,,,,,,,,,,,,,,,2023,3/6/2023,2.758,00,,,,,,,,,,0.45%,2.758,00,12.50,3.782,00,751.34,1.096,41,66%,37%,0.33%,1.66%,0.45%,40.17%,40.17%,0,1.14%,-48.97%,,,,,,,,,,,,
,,,,,,,,,,,,,,,,,,2023,3/7/2023,2.772,00,,,,,,,,,,0.45%,2.772,00,12.50,3.782,00,751.34,1.096,41,67%,36%,0.33%,1.66%,0.45%,39.47%,39.47%,0,1.14%,-48.71%,,,,,,,,,,,,
,,,,,,,,,,,,,,,,,,2023,3/8/2023,2.728,00,,,,,,,,,,0.46%,2.728,00,12.50,3.782,00,751.34,1.096,41,65%,39%,0.33%,1.66%,0.46%,41.72%,41.72%,0,1.14%,-49.53%,,,,,,,,,,,,
,,,,,,,,,,,,,,,,,,2023,3/9/2023,2.620,00,,,,,,,,,,0.48%,2.620,00,12.50,3.782,00,751.34,1.096,41,62%,44%,0.33%,1.66%,0.48%,47.56%,47.56%,0,1.14%,-51.53%,,,,,,,,,,,,
,,,,,,,,,,,,,,,,,,2023,3/10/2023,2.574,00,,,,,,,,,,0.49%,2.574,00,12.50,3.782,00,751.34,1.096,41,60%,47%,0.33%,1.66%,0.49%,50.19%,50.19%,0,1.14%,-52.38%,,,,,,,,,,,,
,,,,,,,,,,,,,,,,,,2023,3/13/2023,2.558,00,,,,,,,,,,0.49%,2.558,00,12.50,3.782,00,751.34,1.096,41,60%,48%,0.33%,1.66%,0.49%,51.13%,51.13%,0,1.14%,-52.67%,,,,,,,,,,,,
,,,,,,,,,,,,,,,,,,2023,3/14/2023,2.594,00,,,,,,,,,,0.48%,2.594,00,12.50,3.782,00,751.34,1.096,41,61%,46%,0.33%,1.66%,0.48%,49.04%,49.04%,0,1.14%,-52.01%,,,,,,,,,,,,
,,,,,,,,,,,,,,,,,,2023,3/15/2023,2.544,00,,,,,,,,,,0.49%,2.544,00,12.50,3.782,00,751.34,1.096,41,59%,49%,0.33%,1.66%,0.49%,51.97%,51.97%,0,1.14%,-52.93%,,,,,,,,,,,,
,,,,,,,,,,,,,,,,,,2023,3/16/2023,2.580,00,,,,,,,,,,0.48%,2.580,00,12.50,3.782,00,751.34,1.096,41,60%,47%,0.33%,1.66%,0.48%,49.84%,49.84%,0,1.14%,-52.27%,,,,,,,,,,,,
,,,,,,,,,,,,,,,,,,2023,3/17/2023,2.562,00,,,,,,,,,,0.49%,2.562,00,12.50,3.782,00,751.34,1.096,41,60%,48%,0.33%,1.66%,0.49%,50.90%,50.90%,0,1.14%,-52.60%,,,,,,,,,,,,
,,,,,,,,,,,,,,,,,,2023,3/20/2023,2.552,00,,,,,,,,,,0.49%,2.552,00,12.50,3.782,00,751.34,1.096,41,59%,48%,0.33%,1.66%,0.49%,51.49%,51.49%,0,1.14%,-52.78%,,,,,,,,,,,,
,,,,,,,,,,,,,,,,,,2023,3/21/2023,2.578,00,,,,,,,,,,0.48%,2.578,00,12.50,3.782,00,751.34,1.096,41,60%,47%,0.33%,1.66%,0.48%,49.96%,49.96%,0,1.14%,-52.30%,,,,,,,,,,,,
,,,,,,,,,,,,,,,,,,2023,3/22/2023,2.562,00,,,,,,,,,,0.49%,2.562,00,12.50,3.782,00,751.34,1.096,41,60%,48%,0.33%,1.66%,0.49%,50.90%,50.90%,0,1.14%,-52.60%,,,,,,,,,,,,
,,,,,,,,,,,,,,,,,,2023,3/23/2023,2.578,00,,,,,,,,,,0.48%,2.578,00,12.50,3.782,00,751.34,1.096,41,60%,47%,0.33%,1.66%,0.48%,49.96%,49.96%,0,1.14%,-52.30%,,,,,,,,,,,,
,,,,,,,,,,,,,,,,,,2023,3/24/2023,2.550,00,,,,,,,,,,0.49%,2.550,00,12.50,3.782,00,751.34,1.096,41,59%,48%,0.33%,1.66%,0.49%,51.61%,51.61%,0,1.14%,-52.82%,,,,,,,,,,,,
,,,,,,,,,,,,,,,,,,2023,3/27/2023,2.604,00,,,,,,,,,,0.48%,2.604,00,12.50,3.782,00,751.34,1.096,41,61%,45%,0.33%,1.66%,0.48%,48.46%,48.46%,0,1.14%,-51.82%,,,,,,,,,,,,
,,,,,,,,,,,,,,,,,,2023,3/28/2023,2.606,00,,,,,,,,,,0.48%,2.606,00,12.50,3.782,00,751.34,1.096,41,61%,45%,0.33%,1.66%,0.48%,48.35%,48.35%,0,1.14%,-51.79%,,,,,,,,,,,,
,,,,,,,,,,,,,,,,,,2023,3/29/2023,2.614,00,,,,,,,,,,0.48%,2.614,00,12.50,3.782,00,751.34,1.096,41,61%,45%,0.33%,1.66%,0.48%,47.90%,47.90%,0,1.14%,-51.64%,,,,,,,,,,,,
,,,,,,,,,,,,,,,,,,2023,3/30/2023,2.626,00,,,,,,,,,,0.48%,2.626,00,12.50,3.782,00,751.34,1.096,41,62%,44%,0.33%,1.66%,0.48%,47.22%,47.22%,0,1.14%,-51.42%,,,,,,,,,,,,
,,,,,,,,,,,,,,,,,,2023,3/31/2023,2.650,00,,,,,,,,,,0.47%,2.650,00,12.50,3.782,00,751.34,1.096,41,63%,43%,0.33%,1.66%,0.47%,45.89%,45.89%,0,1.14%,-50.97%,,,,,,,,,,,,
,,,,,,,,,,,,,,,,,,2023,4/3/2023,2.632,00,,,,,,,,,,0.47%,2.632,00,12.50,3.782,00,751.34,1.096,41,62%,44%,0.33%,1.66%,0.47%,46.88%,46.88%,0,1.14%,-51.30%,,,,,,,,,,,,
,,,,,,,,,,,,,,,,,,2023,4/4/2023,2.642,00,,,,,,,,,,0.47%,2.642,00,12.50,3.782,00,751.34,1.096,41,62%,43%,0.33%,1.66%,0.47%,46.33%,46.33%,0,1.14%,-51.12%,,,,,,,,,,,,
,,,,,,,,,,,,,,,,,,2023,4/5/2023,2.594,00,,,,,,,,,,0.48%,2.594,00,12.50,3.782,00,751.34,1.096,41,61%,46%,0.33%,1.66%,0.48%,49.04%,49.04%,0,1.14%,-52.01%,,,,,,,,,,,,
,,,,,,,,,,,,,,,,,,2023,4/6/2023,2.668,00,,,,,,,,,,0.47%,2.668,00,12.50,3.782,00,751.34,1.096,41,63%,42%,0.33%,1.66%,0.47%,44.90%,44.90%,0,1.14%,-50.64%,,,,,,,,,,,,
,,,,,,,,,,,,,,,,,,2023,4/11/2023,2.728,00,,,,,,,,,,0.46%,2.728,00,12.50,3.782,00,751.34,1.096,41,65%,39%,0.33%,1.66%,0.46%,41.72%,41.72%,0,1.14%,-49.53%,,,,,,,,,,,,
,,,,,,,,,,,,,,,,,,2023,4/12/2023,2.690,00,,,,,,,,,,0.46%,2.690,00,12.50,3.782,00,751.34,1.096,41,64%,41%,0.33%,1.66%,0.46%,43.72%,43.72%,0,1.14%,-50.23%,,,,,,,,,,,,
,,,,,,,,,,,,,,,,,,2023,4/13/2023,2.776,00,,,,,,,,,,0.45%,2.776,00,12.50,3.782,00,751.34,1.096,41,67%,36%,0.33%,1.66%,0.45%,39.27%,39.27%,0,1.14%,-48.64%,,,,,,,,,,,,
,,,,,,,,,,,,,,,,,,2023,4/14/2023,3.694,00,,,,,,,,,,0.34%,3.694,00,12.50,3.782,00,751.34,1.096,41,97%,2%,0.33%,1.66%,0.34%,4.66%,4.66%,0,1.14%,-31.66%,,,,,,,,,,,,
,,,,,,,,,,,,,,,,,,2023,4/17/2023,3.732,00,,,,,,,,,,0.33%,3.732,00,12.50,3.782,00,751.34,1.096,41,98%,1%,0.33%,1.66%,0.33%,3.59%,3.59%,0,1.14%,-30.95%,,,,,,,,,,,,
,,,,,,,,,,,,,,,,,,2023,4/18/2023,3.758,00,,,,,,,,,,0.33%,3.758,00,12.50,3.782,00,751.34,1.096,41,99%,1%,0.33%,1.66%,0.33%,2.87%,2.87%,0,1.14%,-30.47%,,,,,,,,,,,,
,,,,,,,,,,,,,,,,,,2023,4/19/2023,3.752,00,,,,,,,,,,0.33%,3.752,00,12.50,3.782,00,751.34,1.096,41,99%,1%,0.33%,1.66%,0.33%,3.04%,3.04%,0,1.14%,-30.58%,,,,,,,,,,,,
,,,,,,,,,,,,,,,,,,2023,4/20/2023,3.766,00,,,,,,,,,,0.33%,3.766,00,12.50,3.782,00,751.34,1.096,41,99%,0%,0.33%,1.66%,0.33%,2.66%,2.66%,0,1.14%,-30.32%,,,,,,,,,,,,
,,,,,,,,,,,,,,,,,,2023,4/21/2023,3.810,00,,,,,,,,,,0.33%,3.810,00,12.50,3.782,00,751.34,1.096,41,101%,-1%,0.33%,1.66%,0.33%,1.47%,1.47%,0,1.14%,-29.51%,,,,,,,,,,,,
,,,,,,,,,,,,,,,,,,2023,4/24/2023,3.754,00,,,,,,,,,,0.33%,3.754,00,12.50,3.782,00,751.34,1.096,41,99%,1%,0.33%,1.66%,0.33%,2.98%,2.98%,0,1.14%,-30.55%,,,,,,,,,,,,
,,,,,,,,,,,,,,,,,,2023,4/25/2023,3.736,00,,,,,,,,,,0.33%,3.736,00,12.50,3.782,00,751.34,1.096,41,98%,1%,0.33%,1.66%,0.33%,3.48%,3.48%,0,1.14%,-30.88%,,,,,,,,,,,,
,,,,,,,,,,,,,,,,,,2023,4/26/2023,3.700,00,,,,,,,,,,0.34%,3.700,00,12.50,3.782,00,751.34,1.096,41,97%,2%,0.33%,1.66%,0.34%,4.49%,4.49%,0,1.14%,-31.54%,,,,,,,,,,,,
,,,,,,,,,,,,,,,,,,2023,4/27/2023,3.720,00,,,,,,,,,,0.34%,3.720,00,12.50,3.782,00,751.34,1.096,41,98%,2%,0.33%,1.66%,0.34%,3.92%,3.92%,0,1.14%,-31.17%,,,,,,,,,,,,
,,,,,,,,,,,,,,,,,,2023,4/28/2023,3.730,00,,,,,,,,,,0.34%,3.730,00,12.50,3.782,00,751.34,1.096,41,98%,1%,0.33%,1.66%,0.34%,3.65%,3.65%,0,1.14%,-30.99%,,,,,,,,,,,,
,,,,,,,,,,,,,,,,,,2023,5/2/2023,3.706,00,,,,,,,,,,0.34%,3.706,00,12.50,3.782,00,751.34,1.096,41,97%,2%,0.33%,1.66%,0.34%,4.32%,4.32%,0,1.14%,-31.43%,,,,,,,,,,,,
,,,,,,,,,,,,,,,,,,2023,5/3/2023,3.692,00,,,,,,,,,,0.34%,3.692,00,12.50,3.782,00,751.34,1.096,41,97%,2%,0.33%,1.66%,0.34%,4.71%,4.71%,0,1.14%,-31.69%,,,,,,,,,,,,
,,,,,,,,,,,,,,,,,,2023,5/4/2023,3.710,00,,,,,,,,,,0.34%,3.710,00,12.50,3.782,00,751.34,1.096,41,98%,2%,0.33%,1.66%,0.34%,4.20%,4.20%,0,1.14%,-31.36%,,,,,,,,,,,,
,,,,,,,,,,,,,,,,,,2023,5/5/2023,3.690,00,,,,,,,,,,0.34%,3.690,00,12.50,3.782,00,751.34,1.096,41,97%,2%,0.33%,1.66%,0.34%,4.77%,4.77%,0,1.14%,-31.73%,,,,,,,,,,,,
,,,,,,,,,,,,,,,,,,2023,5/8/2023,,,,,,,,,,,0.34%,3.690,00,12.50,3.782,00,751.34,1.096,41,97%,2%,0.33%,1.66%,0.34%,4.77%,4.77%,0,1.14%,-31.73%,,,,,,,,,,,,
,,,,,,,,,,,,,,,,,,2023,5/9/2023,3.666,00,,,,,,,,,,0.34%,3.666,00,12.50,3.782,00,751.34,1.096,41,96%,3%,0.33%,1.66%,0.34%,5.46%,5.46%,0,1.14%,-32.17%,,,,,,,,,,,,
,,,,,,,,,,,,,,,,,,2023,5/10/2023,3.712,00,,,,,,,,,,0.34%,3.712,00,12.50,3.782,00,751.34,1.096,41,98%,2%,0.33%,1.66%,0.34%,4.15%,4.15%,0,1.14%,-31.32%,,,,,,,,,,,,
,,,,,,,,,,,,,,,,,,2023,5/11/2023,3.754,00,,,,,,,,,,0.33%,3.754,00,12.50,3.782,00,751.34,1.096,41,99%,1%,0.33%,1.66%,0.33%,2.98%,2.98%,0,1.14%,-30.55%,,,,,,,,,,,,
,,,,,,,,,,,,,,,,,,2023,5/12/2023,3.738,00,,,,,,,,,,0.33%,3.738,00,12.50,3.782,00,751.34,1.096,41,99%,1%,0.33%,1.66%,0.33%,3.42%,3.42%,0,1.14%,-30.84%,,,,,,,,,,,,
,,,,,,,,,,,,,,,,,,2023,5/15/2023,3.700,00,,,,,,,,,,0.34%,3.700,00,12.50,3.782,00,751.34,1.096,41,97%,2%,0.33%,1.66%,0.34%,4.49%,4.49%,0,1.14%,-31.54%,,,,,,,,,,,,
,,,,,,,,,,,,,,,,,,2023,5/16/2023,3.650,00,,,,,,,,,,0.34%,3.650,00,12.50,3.782,00,751.34,1.096,41,96%,4%,0.33%,1.66%,0.34%,5.92%,5.92%,0,1.14%,-32.47%,,,,,,,,,,,,
,,,,,,,,,,,,,,,,,,2023,5/17/2023,3.620,00,,,,,,,,,,0.35%,3.620,00,12.50,3.782,00,751.34,1.096,41,95%,4%,0.33%,1.66%,0.35%,6.80%,6.80%,0,1.14%,-33.02%,,,,,,,,,,,,
,,,,,,,,,,,,,,,,,,2023,5/18/2023,3.642,00,,,,,,,,,,0.34%,3.642,00,12.50,3.782,00,751.34,1.096,41,95%,4%,0.33%,1.66%,0.34%,6.15%,6.15%,0,1.14%,-32.62%,,,,,,,,,,,,
,,,,,,,,,,,,,,,,,,2023,5/19/2023,3.650,00,,,,,,,,,,0.34%,3.650,00,12.50,3.782,00,751.34,1.096,41,96%,4%,0.33%,1.66%,0.34%,5.92%,5.92%,0,1.14%,-32.47%,,,,,,,,,,,,
,,,,,,,,,,,,,,,,,,2023,5/22/2023,3.174,00,,,,,,,,,,0.39%,3.174,00,12.50,3.782,00,751.34,1.096,41,80%,19%,0.33%,1.66%,0.39%,21.80%,21.80%,0,1.14%,-41.28%,,,,,,,,,,,,
,,,,,,,,,,,,,,,,,,2023,5/23/2023,3.170,00,,,,,,,,,,0.39%,3.170,00,12.50,3.782,00,751.34,1.096,41,80%,19%,0.33%,1.66%,0.39%,21.96%,21.96%,0,1.14%,-41.35%,,,,,,,,,,,,
,,,,,,,,,,,,,,,,,,2023,5/24/2023,3.102,00,,,,,,,,,,0.40%,3.102,00,12.50,3.782,00,751.34,1.096,41,78%,22%,0.33%,1.66%,0.40%,24.63%,24.63%,0,1.14%,-42.61%,,,,,,,,,,,,
,,,,,,,,,,,,,,,,,,2023,5/25/2023,3.184,00,,,,,,,,,,0.39%,3.184,00,12.50,3.782,00,751.34,1.096,41,80%,19%,0.33%,1.66%,0.39%,21.42%,21.42%,0,1.14%,-41.09%,,,,,,,,,,,,
,,,,,,,,,,,,,,,,,,2023,5/26/2023,3.140,00,,,,,,,,,,0.40%,3.140,00,12.50,3.782,00,751.34,1.096,41,79%,20%,0.33%,1.66%,0.40%,23.12%,23.12%,0,1.14%,-41.91%,,,,,,,,,,,,
,,,,,,,,,,,,,,,,,,2023,5/29/2023,,,,,,,,,,,0.40%,3.140,00,12.50,3.782,00,751.34,1.096,41,79%,20%,0.33%,1.66%,0.40%,23.12%,23.12%,0,1.14%,-41.91%,,,,,,,,,,,,
,,,,,,,,,,,,,,,,,,2023,5/30/2023,3.352,00,,,,,,,,,,0.37%,3.352,00,12.50,3.782,00,751.34,1.096,41,86%,13%,0.33%,1.66%,0.37%,15.33%,15.33%,0,1.14%,-37.98%,,,,,,,,,,,,
,,,,,,,,,,,,,,,,,,2023,5/31/2023,3.340,00,,,,,,,,,,0.37%,3.340,00,12.50,3.782,00,751.34,1.096,41,85%,13%,0.33%,1.66%,0.37%,15.75%,15.75%,0,1.14%,-38.21%,,,,,,,,,,,,
,,,,,,,,,,,,,,,,,,2023,6/1/2023,3.374,00,,,,,,,,,,0.37%,3.374,00,12.50,3.782,00,751.34,1.096,41,87%,12%,0.33%,1.66%,0.37%,14.58%,14.58%,0,1.14%,-37.58%,,,,,,,,,,,,
,,,,,,,,,,,,,,,,,,2023,6/2/2023,3.632,00,,,,,,,,,,0.34%,3.632,00,12.50,3.782,00,751.34,1.096,41,95%,4%,0.33%,1.66%,0.34%,6.44%,6.44%,0,1.14%,-32.80%,,,,,,,,,,,,
,,,,,,,,,,,,,,,,,,2023,6/5/2023,3.632,00,,,,,,,,,,0.34%,3.632,00,12.50,3.782,00,751.34,1.096,41,95%,4%,0.33%,1.66%,0.34%,6.44%,6.44%,0,1.14%,-32.80%,,,,,,,,,,,,
,,,,,,,,,,,,,,,,,,2023,6/6/2023,3.636,00,,,,,,,,,,0.34%,3.636,00,12.50,3.782,00,751.34,1.096,41,95%,4%,0.33%,1.66%,0.34%,6.33%,6.33%,0,1.14%,-32.73%,,,,,,,,,,,,
,,,,,,,,,,,,,,,,,,2023,6/7/2023,3.626,00,,,,,,,,,,0.34%,3.626,00,12.50,3.782,00,751.34,1.096,41,95%,4%,0.33%,1.66%,0.34%,6.62%,6.62%,0,1.14%,-32.91%,,,,,,,,,,,,
,,,,,,,,,,,,,,,,,,2023,6/8/2023,3.630,00,,,,,,,,,,0.34%,3.630,00,12.50,3.782,00,751.34,1.096,41,95%,4%,0.33%,1.66%,0.34%,6.50%,6.50%,0,1.14%,-32.84%,,,,,,,,,,,,
,,,,,,,,,,,,,,,,,,2023,6/9/2023,3.618,00,,,,,,,,,,0.35%,3.618,00,12.50,3.782,00,751.34,1.096,41,95%,5%,0.33%,1.66%,0.35%,6.85%,6.85%,0,1.14%,-33.06%,,,,,,,,,,,,
,,,,,,,,,,,,,,,,,,2023,6/12/2023,3.620,00,,,,,,,,,,0.35%,3.620,00,12.50,3.782,00,751.34,1.096,41,95%,4%,0.33%,1.66%,0.35%,6.80%,6.80%,0,1.14%,-33.02%,,,,,,,,,,,,
,,,,,,,,,,,,,,,,,,2023,6/13/2023,3.630,00,,,,,,,,,,0.34%,3.630,00,12.50,3.782,00,751.34,1.096,41,95%,4%,0.33%,1.66%,0.34%,6.50%,6.50%,0,1.14%,-32.84%,,,,,,,,,,,,
,,,,,,,,,,,,,,,,,,2023,6/14/2023,3.626,00,,,,,,,,,,0.34%,3.626,00,12.50,3.782,00,751.34,1.096,41,95%,4%,0.33%,1.66%,0.34%,6.62%,6.62%,0,1.14%,-32.91%,,,,,,,,,,,,
,,,,,,,,,,,,,,,,,,2023,6/15/2023,3.640,00,,,,,,,,,,0.34%,3.640,00,12.50,3.782,00,751.34,1.096,41,95%,4%,0.33%,1.66%,0.34%,6.21%,6.21%,0,1.14%,-32.65%,,,,,,,,,,,,
,,,,,,,,,,,,,,,,,,2023,6/16/2023,3.618,00,,,,,,,,,,0.35%,3.618,00,12.50,3.782,00,751.34,1.096,41,95%,5%,0.33%,1.66%,0.35%,6.85%,6.85%,0,1.14%,-33.06%,,,,,,,,,,,,
,,,,,,,,,,,,,,,,,,2023,6/19/2023,3.628,00,,,,,,,,,,0.34%,3.628,00,12.50,3.782,00,751.34,1.096,41,95%,4%,0.33%,1.66%,0.34%,6.56%,6.56%,0,1.14%,-32.88%,,,,,,,,,,,,
,,,,,,,,,,,,,,,,,,2023,6/20/2023,3.618,00,,,,,,,,,,0.35%,3.618,00,12.50,3.782,00,751.34,1.096,41,95%,5%,0.33%,1.66%,0.35%,6.85%,6.85%,0,1.14%,-33.06%,,,,,,,,,,,,
,,,,,,,,,,,,,,,,,,2023,6/21/2023,3.620,00,,,,,,,,,,0.35%,3.620,00,12.50,3.782,00,751.34,1.096,41,95%,4%,0.33%,1.66%,0.35%,6.80%,6.80%,0,1.14%,-33.02%,,,,,,,,,,,,
,,,,,,,,,,,,,,,,,,2023,6/22/2023,3.630,00,,,,,,,,,,0.34%,3.630,00,12.50,3.782,00,751.34,1.096,41,95%,4%,0.33%,1.66%,0.34%,6.50%,6.50%,0,1.14%,-32.84%,,,,,,,,,,,,
,,,,,,,,,,,,,,,,,,2023,6/23/2023,3.632,00,,,,,,,,,,0.34%,3.632,00,12.50,3.782,00,751.34,1.096,41,95%,4%,0.33%,1.66%,0.34%,6.44%,6.44%,0,1.14%,-32.80%,,,,,,,,,,,,
,,,,,,,,,,,,,,,,,,2023,6/26/2023,3.632,00,,,,,,,,,,0.34%,3.632,00,12.50,3.782,00,751.34,1.096,41,95%,4%,0.33%,1.66%,0.34%,6.44%,6.44%,0,1.14%,-32.80%,,,,,,,,,,,,
,,,,,,,,,,,,,,,,,,2023,6/27/2023,3.650,00,,,,,,,,,,0.34%,3.650,00,12.50,3.782,00,751.34,1.096,41,96%,4%,0.33%,1.66%,0.34%,5.92%,5.92%,0,1.14%,-32.47%,,,,,,,,,,,,
,,,,,,,,,,,,,,,,,,2023,6/28/2023,3.664,00,,,,,,,,,,0.34%,3.664,00,12.50,3.782,00,751.34,1.096,41,96%,3%,0.33%,1.66%,0.34%,5.51%,5.51%,0,1.14%,-32.21%,,,,,,,,,,,,
,,,,,,,,,,,,,,,,,,2023,6/29/2023,3.682,00,,,,,,,,,,0.34%,3.682,00,12.50,3.782,00,751.34,1.096,41,97%,3%,0.33%,1.66%,0.34%,5.00%,5.00%,0,1.14%,-31.88%,,,,,,,,,,,,
,,,,,,,,,,,,,,,,,,2023,6/30/2023,3.686,00,,,,,,,,,,0.34%,3.686,00,12.50,3.782,00,751.34,1.096,41,97%,3%,0.33%,1.66%,0.34%,4.88%,4.88%,0,1.14%,-31.80%,,,,,,,,,,,,
,,,,,,,,,,,,,,,,,,2023,7/3/2023,3.690,00,,,,,,,,,,0.34%,3.690,00,12.50,3.782,00,751.34,1.096,41,97%,2%,0.33%,1.66%,0.34%,4.77%,4.77%,0,1.14%,-31.73%,,,,,,,,,,,,
,,,,,,,,,,,,,,,,,,2023,7/4/2023,3.688,00,,,,,,,,,,0.34%,3.688,00,12.50,3.782,00,751.34,1.096,41,97%,3%,0.33%,1.66%,0.34%,4.83%,4.83%,0,1.14%,-31.77%,,,,,,,,,,,,
,,,,,,,,,,,,,,,,,,2023,7/5/2023,3.680,00,,,,,,,,,,0.34%,3.680,00,12.50,3.782,00,751.34,1.096,41,97%,3%,0.33%,1.66%,0.34%,5.05%,5.05%,0,1.14%,-31.91%,,,,,,,,,,,,
,,,,,,,,,,,,,,,,,,2023,7/6/2023,3.680,00,,,,,,,,,,0.34%,3.680,00,12.50,3.782,00,751.34,1.096,41,97%,3%,0.33%,1.66%,0.34%,5.05%,5.05%,0,1.14%,-31.91%,,,,,,,,,,,,
,,,,,,,,,,,,,,,,,,2023,7/7/2023,3.672,00,,,,,,,,,,0.34%,3.672,00,12.50,3.782,00,751.34,1.096,41,96%,3%,0.33%,1.66%,0.34%,5.28%,5.28%,0,1.14%,-32.06%,,,,,,,,,,,,
,,,,,,,,,,,,,,,,,,2023,7/10/2023,3.676,00,,,,,,,,,,0.34%,3.676,00,12.50,3.782,00,751.34,1.096,41,97%,3%,0.33%,1.66%,0.34%,5.17%,5.17%,0,1.14%,-31.99%,,,,,,,,,,,,
,,,,,,,,,,,,,,,,,,2023,7/11/2023,3.680,00,,,,,,,,,,0.34%,3.680,00,12.50,3.782,00,751.34,1.096,41,97%,3%,0.33%,1.66%,0.34%,5.05%,5.05%,0,1.14%,-31.91%,,,,,,,,,,,,
,,,,,,,,,,,,,,,,,,2023,7/12/2023,3.684,00,,,,,,,,,,0.34%,3.684,00,12.50,3.782,00,751.34,1.096,41,97%,3%,0.33%,1.66%,0.34%,4.94%,4.94%,0,1.14%,-31.84%,,,,,,,,,,,,
,,,,,,,,,,,,,,,,,,2023,7/13/2023,3.682,00,,,,,,,,,,0.34%,3.682,00,12.50,3.782,00,751.34,1.096,41,97%,3%,0.33%,1.66%,0.34%,5.00%,5.00%,0,1.14%,-31.88%,,,,,,,,,,,,
,,,,,,,,,,,,,,,,,,2023,7/14/2023,3.698,00,,,,,,,,,,0.34%,3.698,00,12.50,3.782,00,751.34,1.096,41,97%,2%,0.33%,1.66%,0.34%,4.54%,4.54%,0,1.14%,-31.58%,,,,,,,,,,,,
,,,,,,,,,,,,,,,,,,2023,7/17/2023,3.702,00,,,,,,,,,,0.34%,3.702,00,12.50,3.782,00,751.34,1.096,41,97%,2%,0.33%,1.66%,0.34%,4.43%,4.43%,0,1.14%,-31.51%,,,,,,,,,,,,
,,,,,,,,,,,,,,,,,,2023,7/18/2023,3.702,00,,,,,,,,,,0.34%,3.702,00,12.50,3.782,00,751.34,1.096,41,97%,2%,0.33%,1.66%,0.34%,4.43%,4.43%,0,1.14%,-31.51%,,,,,,,,,,,,
,,,,,,,,,,,,,,,,,,2023,7/19/2023,3.720,00,,,,,,,,,,0.34%,3.720,00,12.50,3.782,00,751.34,1.096,41,98%,2%,0.33%,1.66%,0.34%,3.92%,3.92%,0,1.14%,-31.17%,,,,,,,,,,,,
,,,,,,,,,,,,,,,,,,2023,7/20/2023,3.730,00,,,,,,,,,,0.34%,3.730,00,12.50,3.782,00,751.34,1.096,41,98%,1%,0.33%,1.66%,0.34%,3.65%,3.65%,0,1.14%,-30.99%,,,,,,,,,,,,
,,,,,,,,,,,,,,,,,,2023,7/21/2023,3.726,00,,,,,,,,,,0.34%,3.726,00,12.50,3.782,00,751.34,1.096,41,98%,2%,0.33%,1.66%,0.34%,3.76%,3.76%,0,1.14%,-31.06%,,,,,,,,,,,,
,,,,,,,,,,,,,,,,,,2023,7/24/2023,3.710,00,,,,,,,,,,0.34%,3.710,00,12.50,3.782,00,751.34,1.096,41,98%,2%,0.33%,1.66%,0.34%,4.20%,4.20%,0,1.14%,-31.36%,,,,,,,,,,,,
,,,,,,,,,,,,,,,,,,2023,7/25/2023,3.730,00,,,,,,,,,,0.34%,3.730,00,12.50,3.782,00,751.34,1.096,41,98%,1%,0.33%,1.66%,0.34%,3.65%,3.65%,0,1.14%,-30.99%,,,,,,,,,,,,
,,,,,,,,,,,,,,,,,,2023,7/26/2023,3.716,00,,,,,,,,,,0.34%,3.716,00,12.50,3.782,00,751.34,1.096,41,98%,2%,0.33%,1.66%,0.34%,4.04%,4.04%,0,1.14%,-31.25%,,,,,,,,,,,,
,,,,,,,,,,,,,,,,,,2023,7/27/2023,3.714,00,,,,,,,,,,0.34%,3.714,00,12.50,3.782,00,751.34,1.096,41,98%,2%,0.33%,1.66%,0.34%,4.09%,4.09%,0,1.14%,-31.29%,,,,,,,,,,,,
,,,,,,,,,,,,,,,,,,2023,7/28/2023,3.714,00,,,,,,,,,,0.34%,3.714,00,12.50,3.782,00,751.34,1.096,41,98%,2%,0.33%,1.66%,0.34%,4.09%,4.09%,0,1.14%,-31.29%,,,,,,,,,,,,
,,,,,,,,,,,,,,,,,,2023,7/31/2023,3.714,00,,,,,,,,,,0.34%,3.714,00,12.50,3.782,00,751.34,1.096,41,98%,2%,0.33%,1.66%,0.34%,4.09%,4.09%,0,1.14%,-31.29%,,,,,,,,,,,,
,,,,,,,,,,,,,,,,,,2023,8/1/2023,3.688,00,,,,,,,,,,0.34%,3.688,00,12.50,3.782,00,751.34,1.096,41,97%,3%,0.33%,1.66%,0.34%,4.83%,4.83%,0,1.14%,-31.77%,,,,,,,,,,,,
,,,,,,,,,,,,,,,,,,2023,8/2/2023,3.744,00,,,,,,,,,,0.33%,3.744,00,12.50,3.782,00,751.34,1.096,41,99%,1%,0.33%,1.66%,0.33%,3.26%,3.26%,0,1.14%,-30.73%,,,,,,,,,,,,
,,,,,,,,,,,,,,,,,,2023,8/3/2023,3.762,00,,,,,,,,,,0.33%,3.762,00,12.50,3.782,00,751.34,1.096,41,99%,1%,0.33%,1.66%,0.33%,2.76%,2.76%,0,1.14%,-30.40%,,,,,,,,,,,,
,,,,,,,,,,,,,,,,,,2023,8/4/2023,3.768,00,,,,,,,,,,0.33%,3.768,00,12.50,3.782,00,751.34,1.096,41,100%,0%,0.33%,1.66%,0.33%,2.60%,2.60%,0,1.14%,-30.29%,,,,,,,,,,,,
,,,,,,,,,,,,,,,,,,2023,8/7/2023,3.760,00,,,,,,,,,,0.33%,3.760,00,12.50,3.782,00,751.34,1.096,41,99%,1%,0.33%,1.66%,0.33%,2.82%,2.82%,0,1.14%,-30.43%,,,,,,,,,,,,
,,,,,,,,,,,,,,,,,,2023,8/8/2023,3.764,00,,,,,,,,,,0.33%,3.764,00,12.50,3.782,00,751.34,1.096,41,99%,0%,0.33%,1.66%,0.33%,2.71%,2.71%,0,1.14%,-30.36%,,,,,,,,,,,,
,,,,,,,,,,,,,,,,,,2023,8/9/2023,3.792,00,,,,,,,,,,0.33%,3.792,00,12.50,3.782,00,751.34,1.096,41,100%,0%,0.33%,1.66%,0.33%,1.95%,1.95%,0,1.14%,-29.84%,,,,,,,,,,,,
,,,,,,,,,,,,,,,,,,2023,8/10/2023,3.798,00,,,,,,,,,,0.33%,3.798,00,12.50,3.782,00,751.34,1.096,41,101%,0%,0.33%,1.66%,0.33%,1.79%,1.79%,0,1.14%,-29.73%,,,,,,,,,,,,
,,,,,,,,,,,,,,,,,,2023,8/11/2023,3.798,00,,,,,,,,,,0.33%,3.798,00,12.50,3.782,00,751.34,1.096,41,101%,0%,0.33%,1.66%,0.33%,1.79%,1.79%,0,1.14%,-29.73%,,,,,,,,,,,,
,,,,,,,,,,,,,,,,,,2023,8/14/2023,3.796,00,,,,,,,,,,0.33%,3.796,00,12.50,3.782,00,751.34,1.096,41,100%,0%,0.33%,1.66%,0.33%,1.84%,1.84%,0,1.14%,-29.77%,,,,,,,,,,,,
,,,,,,,,,,,,,,,,,,2023,8/15/2023,3.796,00,,,,,,,,,,0.33%,3.796,00,12.50,3.782,00,751.34,1.096,41,100%,0%,0.33%,1.66%,0.33%,1.84%,1.84%,0,1.14%,-29.77%,,,,,,,,,,,,
,,,,,,,,,,,,,,,,,,2023,8/16/2023,3.798,00,,,,,,,,,,0.33%,3.798,00,12.50,3.782,00,751.34,1.096,41,101%,0%,0.33%,1.66%,0.33%,1.79%,1.79%,0,1.14%,-29.73%,,,,,,,,,,,,
,,,,,,,,,,,,,,,,,,2023,8/17/2023,3.802,00,,,,,,,,,,0.33%,3.802,00,12.50,3.782,00,751.34,1.096,41,101%,-1%,0.33%,1.66%,0.33%,1.68%,1.68%,0,1.14%,-29.66%,,,,,,,,,,,,
,,,,,,,,,,,,,,,,,,2023,8/18/2023,3.798,00,,,,,,,,,,0.33%,3.798,00,12.50,3.782,00,751.34,1.096,41,101%,0%,0.33%,1.66%,0.33%,1.79%,1.79%,0,1.14%,-29.73%,,,,,,,,,,,,
,,,,,,,,,,,,,,,,,,2023,8/21/2023,3.798,00,,,,,,,,,,0.33%,3.798,00,12.50,3.782,00,751.34,1.096,41,101%,0%,0.33%,1.66%,0.33%,1.79%,1.79%,0,1.14%,-29.73%,,,,,,,,,,,,
,,,,,,,,,,,,,,,,,,2023,8/22/2023,3.800,00,,,,,,,,,,0.33%,3.800,00,12.50,3.782,00,751.34,1.096,41,101%,0%,0.33%,1.66%,0.33%,1.74%,1.74%,0,1.14%,-29.69%,,,,,,,,,,,,
,,,,,,,,,,,,,,,,,,2023,8/23/2023,3.800,00,,,,,,,,,,0.33%,3.800,00,12.50,3.782,00,751.34,1.096,41,101%,0%,0.33%,1.66%,0.33%,1.74%,1.74%,0,1.14%,-29.69%,,,,,,,,,,,,
,,,,,,,,,,,,,,,,,,2023,8/24/2023,3.798,00,,,,,,,,,,0.33%,3.798,00,12.50,3.782,00,751.34,1.096,41,101%,0%,0.33%,1.66%,0.33%,1.79%,1.79%,0,1.14%,-29.73%,,,,,,,,,,,,
,,,,,,,,,,,,,,,,,,2023,8/25/2023,3.796,00,,,,,,,,,,0.33%,3.796,00,12.50,3.782,00,751.34,1.096,41,100%,0%,0.33%,1.66%,0.33%,1.84%,1.84%,0,1.14%,-29.77%,,,,,,,,,,,,
,,,,,,,,,,,,,,,,,,2023,8/28/2023,,,,,,,,,,,0.33%,3.796,00,12.50,3.782,00,751.34,1.096,41,100%,0%,0.33%,1.66%,0.33%,1.84%,1.84%,0,1.14%,-29.77%,,,,,,,,,,,,
,,,,,,,,,,,,,,,,,,2023,8/29/2023,3.810,00,,,,,,,,,,0.33%,3.810,00,12.50,3.782,00,751.34,1.096,41,101%,-1%,0.33%,1.66%,0.33%,1.47%,1.47%,0,1.14%,-29.51%,,,,,,,,,,,,
,,,,,,,,,,,,,,,,,,2023,8/30/2023,3.810,00,,,,,,,,,,0.33%,3.810,00,12.50,3.782,00,751.34,1.096,41,101%,-1%,0.33%,1.66%,0.33%,1.47%,1.47%,0,1.14%,-29.51%,,,,,,,,,,,,
,,,,,,,,,,,,,,,,,,2023,8/31/2023,3.806,00,,,,,,,,,,0.33%,3.806,00,12.50,3.782,00,751.34,1.096,41,101%,-1%,0.33%,1.66%,0.33%,1.58%,1.58%,0,1.14%,-29.58%,,,,,,,,,,,,
,,,,,,,,,,,,,,,,,,2023,9/1/2023,3.810,00,,,,,,,,,,0.33%,3.810,00,12.50,3.782,00,751.34,1.096,41,101%,-1%,0.33%,1.66%,0.33%,1.47%,1.47%,0,1.14%,-29.51%,,,,,,,,,,,,
,,,,,,,,,,,,,,,,,,2023,9/4/2023,3.810,00,,,,,,,,,,0.33%,3.810,00,12.50,3.782,00,751.34,1.096,41,101%,-1%,0.33%,1.66%,0.33%,1.47%,1.47%,0,1.14%,-29.51%,,,,,,,,,,,,
,,,,,,,,,,,,,,,,,,2023,9/5/2023,3.808,00,,,,,,,,,,0.33%,3.808,00,12.50,3.782,00,751.34,1.096,41,101%,-1%,0.33%,1.66%,0.33%,1.52%,1.52%,0,1.14%,-29.55%,,,,,,,,,,,,
,,,,,,,,,,,,,,,,,,2023,9/6/2023,3.812,00,,,,,,,,,,0.33%,3.812,00,12.50,3.782,00,751.34,1.096,41,101%,-1%,0.33%,1.66%,0.33%,1.42%,1.42%,0,1.14%,-29.47%,,,,,,,,,,,,
,,,,,,,,,,,,,,,,,,2023,9/7/2023,3.812,00,,,,,,,,,,0.33%,3.812,00,12.50,3.782,00,751.34,1.096,41,101%,-1%,0.33%,1.66%,0.33%,1.42%,1.42%,0,1.14%,-29.47%,,,,,,,,,,,,
,,,,,,,,,,,,,,,,,,2023,9/8/2023,3.806,00,,,,,,,,,,0.33%,3.806,00,12.50,3.782,00,751.34,1.096,41,101%,-1%,0.33%,1.66%,0.33%,1.58%,1.58%,0,1.14%,-29.58%,,,,,,,,,,,,
,,,,,,,,,,,,,,,,,,2023,9/11/2023,3.806,00,,,,,,,,,,0.33%,3.806,00,12.50,3.782,00,751.34,1.096,41,101%,-1%,0.33%,1.66%,0.33%,1.58%,1.58%,0,1.14%,-29.58%,,,,,,,,,,,,
,,,,,,,,,,,,,,,,,,2023,9/12/2023,3.798,00,,,,,,,,,,0.33%,3.798,00,12.50,3.782,00,751.34,1.096,41,101%,0%,0.33%,1.66%,0.33%,1.79%,1.79%,0,1.14%,-29.73%,,,,,,,,,,,,
,,,,,,,,,,,,,,,,,,2023,9/13/2023,3.812,00,,,,,,,,,,0.33%,3.812,00,12.50,3.782,00,751.34,1.096,41,101%,-1%,0.33%,1.66%,0.33%,1.42%,1.42%,0,1.14%,-29.47%,,,,,,,,,,,,
,,,,,,,,,,,,,,,,,,2023,9/14/2023,3.820,00,,,,,,,,,,0.33%,3.820,00,12.50,3.782,00,751.34,1.096,41,101%,-1%,0.33%,1.66%,0.33%,1.20%,1.20%,0,1.14%,-29.32%,,,,,,,,,,,,
,,,,,,,,,,,,,,,,,,2023,9/15/2023,3.812,00,,,,,,,,,,0.33%,3.812,00,12.50,3.782,00,751.34,1.096,41,101%,-1%,0.33%,1.66%,0.33%,1.42%,1.42%,0,1.14%,-29.47%,,,,,,,,,,,,
,,,,,,,,,,,,,,,,,,2023,9/18/2023,3.816,00,,,,,,,,,,0.33%,3.816,00,12.50,3.782,00,751.34,1.096,41,101%,-1%,0.33%,1.66%,0.33%,1.31%,1.31%,0,1.14%,-29.40%,,,,,,,,,,,,
,,,,,,,,,,,,,,,,,,2023,9/19/2023,3.802,00,,,,,,,,,,0.33%,3.802,00,12.50,3.782,00,751.34,1.096,41,101%,-1%,0.33%,1.66%,0.33%,1.68%,1.68%,0,1.14%,-29.66%,,,,,,,,,,,,
,,,,,,,,,,,,,,,,,,2023,9/20/2023,3.804,00,,,,,,,,,,0.33%,3.804,00,12.50,3.782,00,751.34,1.096,41,101%,-1%,0.33%,1.66%,0.33%,1.63%,1.63%,0,1.14%,-29.62%,,,,,,,,,,,,
,,,,,,,,,,,,,,,,,,2023,9/21/2023,3.800,00,,,,,,,,,,0.33%,3.800,00,12.50,3.782,00,751.34,1.096,41,101%,0%,0.33%,1.66%,0.33%,1.74%,1.74%,0,1.14%,-29.69%,,,,,,,,,,,,
,,,,,,,,,,,,,,,,,,2023,9/22/2023,3.804,00,,,,,,,,,,0.33%,3.804,00,12.50,3.782,00,751.34,1.096,41,101%,-1%,0.33%,1.66%,0.33%,1.63%,1.63%,0,1.14%,-29.62%,,,,,,,,,,,,
,,,,,,,,,,,,,,,,,,2023,9/25/2023,3.796,00,,,,,,,,,,0.33%,3.796,00,12.50,3.782,00,751.34,1.096,41,100%,0%,0.33%,1.66%,0.33%,1.84%,1.84%,0,1.14%,-29.77%,,,,,,,,,,,,
,,,,,,,,,,,,,,,,,,2023,9/26/2023,3.804,00,,,,,,,,,,0.33%,3.804,00,12.50,3.782,00,751.34,1.096,41,101%,-1%,0.33%,1.66%,0.33%,1.63%,1.63%,0,1.14%,-29.62%,,,,,,,,,,,,
,,,,,,,,,,,,,,,,,,2023,9/27/2023,3.796,00,,,,,,,,,,0.33%,3.796,00,12.50,3.782,00,751.34,1.096,41,100%,0%,0.33%,1.66%,0.33%,1.84%,1.84%,0,1.14%,-29.77%,,,,,,,,,,,,
,,,,,,,,,,,,,,,,,,2023,9/28/2023,3.796,00,,,,,,,,,,0.33%,3.796,00,12.50,3.782,00,751.34,1.096,41,100%,0%,0.33%,1.66%,0.33%,1.84%,1.84%,0,1.14%,-29.77%,,,,,,,,,,,,
,,,,,,,,,,,,,,,,,,2023,9/29/2023,3.788,00,,,,,,,,,,0.33%,3.788,00,12.50,3.782,00,751.34,1.096,41,100%,0%,0.33%,1.66%,0.33%,2.06%,2.06%,0,1.14%,-29.92%,,,,,,,,,,,,
,,,,,,,,,,,,,,,,,,2023,10/2/2023,3.784,00,,,,,,,,,,0.33%,3.784,00,12.50,3.782,00,751.34,1.096,41,100%,0%,0.33%,1.66%,0.33%,2.17%,2.17%,0,1.14%,-29.99%,,,,,,,,,,,,
,,,,,,,,,,,,,,,,,,2023,10/3/2023,3.784,00,,,,,,,,,,0.33%,3.784,00,12.50,3.782,00,751.34,1.096,41,100%,0%,0.33%,1.66%,0.33%,2.17%,2.17%,0,1.14%,-29.99%,,,,,,,,,,,,
,,,,,,,,,,,,,,,,,,2023,10/4/2023,3.788,00,,,,,,,,,,0.33%,3.788,00,12.50,3.782,00,751.34,1.096,41,100%,0%,0.33%,1.66%,0.33%,2.06%,2.06%,0,1.14%,-29.92%,,,,,,,,,,,,
,,,,,,,,,,,,,,,,,,2023,10/5/2023,3.796,00,,,,,,,,,,0.33%,3.796,00,12.50,3.782,00,751.34,1.096,41,100%,0%,0.33%,1.66%,0.33%,1.84%,1.84%,0,1.14%,-29.77%,,,,,,,,,,,,
,,,,,,,,,,,,,,,,,,2023,10/6/2023,3.792,00,,,,,,,,,,0.33%,3.792,00,12.50,3.782,00,751.34,1.096,41,100%,0%,0.33%,1.66%,0.33%,1.95%,1.95%,0,1.14%,-29.84%,,,,,,,,,,,,
,,,,,,,,,,,,,,,,,,2023,10/9/2023,3.788,00,,,,,,,,,,0.33%,3.788,00,12.50,3.782,00,751.34,1.096,41,100%,0%,0.33%,1.66%,0.33%,2.06%,2.06%,0,1.14%,-29.92%,,,,,,,,,,,,
,,,,,,,,,,,,,,,,,,2023,10/10/2023,3.790,00,,,,,,,,,,0.33%,3.790,00,12.50,3.782,00,751.34,1.096,41,100%,0%,0.33%,1.66%,0.33%,2.01%,2.01%,0,1.14%,-29.88%,,,,,,,,,,,,
,,,,,,,,,,,,,,,,,,2023,10/11/2023,3.796,00,,,,,,,,,,0.33%,3.796,00,12.50,3.782,00,751.34,1.096,41,100%,0%,0.33%,1.66%,0.33%,1.84%,1.84%,0,1.14%,-29.77%,,,,,,,,,,,,
,,,,,,,,,,,,,,,,,,2023,10/12/2023,3.788,00,,,,,,,,,,0.33%,3.788,00,12.50,3.782,00,751.34,1.096,41,100%,0%,0.33%,1.66%,0.33%,2.06%,2.06%,0,1.14%,-29.92%,,,,,,,,,,,,
,,,,,,,,,,,,,,,,,,2023,10/13/2023,3.794,00,,,,,,,,,,0.33%,3.794,00,12.50,3.782,00,751.34,1.096,41,100%,0%,0.33%,1.66%,0.33%,1.90%,1.90%,0,1.14%,-29.81%,,,,,,,,,,,,
,,,,,,,,,,,,,,,,,,2023,10/16/2023,3.794,00,,,,,,,,,,0.33%,3.794,00,12.50,3.782,00,751.34,1.096,41,100%,0%,0.33%,1.66%,0.33%,1.90%,1.90%,0,1.14%,-29.81%,,,,,,,,,,,,
,,,,,,,,,,,,,,,,,,2023,10/17/2023,3.794,00,,,,,,,,,,0.33%,3.794,00,12.50,3.782,00,751.34,1.096,41,100%,0%,0.33%,1.66%,0.33%,1.90%,1.90%,0,1.14%,-29.81%,,,,,,,,,,,,
,,,,,,,,,,,,,,,,,,2023,10/18/2023,3.796,00,,,,,,,,,,0.33%,3.796,00,12.50,3.782,00,751.34,1.096,41,100%,0%,0.33%,1.66%,0.33%,1.84%,1.84%,0,1.14%,-29.77%,,,,,,,,,,,,
,,,,,,,,,,,,,,,,,,2023,10/19/2023,3.782,00,,,,,,,,,,0.33%,3.782,00,12.50,3.782,00,751.34,1.096,41,100%,0%,0.33%,1.66%,0.33%,2.22%,2.22%,0,1.14%,-30.03%,,,,,,,,,,,,
,,,,,,,,,,,,,,,,,,2023,10/20/2023,3.786,00,,,,,,,,,,0.33%,3.786,00,12.50,3.782,00,751.34,1.096,41,100%,0%,0.33%,1.66%,0.33%,2.11%,2.11%,0,1.14%,-29.95%,,,,,,,,,,,,
,,,,,,,,,,,,,,,,,,2023,10/23/2023,3.780,00,,,,,,,,,,0.33%,3.780,00,12.50,3.782,00,751.34,1.096,41,100%,0%,0.33%,1.66%,0.33%,2.28%,2.28%,0,1.14%,-30.06%,,,,,,,,,,,,
,,,,,,,,,,,,,,,,,,2023,10/24/2023,3.760,00,,,,,,,,,,0.33%,3.760,00,12.50,3.782,00,751.34,1.096,41,99%,1%,0.33%,1.66%,0.33%,2.82%,2.82%,0,1.14%,-30.43%,,,,,,,,,,,,
,,,,,,,,,,,,,,,,,,2023,10/25/2023,3.758,00,,,,,,,,,,0.33%,3.758,00,12.50,3.782,00,751.34,1.096,41,99%,1%,0.33%,1.66%,0.33%,2.87%,2.87%,0,1.14%,-30.47%,,,,,,,,,,,,
,,,,,,,,,,,,,,,,,,2023,10/26/2023,3.770,00,,,,,,,,,,0.33%,3.770,00,12.50,3.782,00,751.34,1.096,41,100%,0%,0.33%,1.66%,0.33%,2.55%,2.55%,0,1.14%,-30.25%,,,,,,,,,,,,
,,,,,,,,,,,,,,,,,,2023,10/27/2023,3.780,00,,,,,,,,,,0.33%,3.780,00,12.50,3.782,00,751.34,1.096,41,100%,0%,0.33%,1.66%,0.33%,2.28%,2.28%,0,1.14%,-30.06%,,,,,,,,,,,,
,,,,,,,,,,,,,,,,,,2023,10/30/2023,3.800,00,,,,,,,,,,0.33%,3.800,00,12.50,3.782,00,751.34,1.096,41,101%,0%,0.33%,1.66%,0.33%,1.74%,1.74%,0,1.14%,-29.69%,,,,,,,,,,,,
,,,,,,,,,,,,,,,,,,2023,10/31/2023,3.808,00,,,,,,,,,,0.33%,3.808,00,12.50,3.782,00,751.34,1.096,41,101%,-1%,0.33%,1.66%,0.33%,1.52%,1.52%,0,1.14%,-29.55%,,,,,,,,,,,,
,,,,,,,,,,,,,,,,,,2023,11/1/2023,3.800,00,,,,,,,,,,0.33%,3.800,00,12.50,3.782,00,751.34,1.096,41,101%,0%,0.33%,1.66%,0.33%,1.74%,1.74%,0,1.14%,-29.69%,,,,,,,,,,,,
,,,,,,,,,,,,,,,,,,2023,11/2/2023,3.790,00,,,,,,,,,,0.33%,3.790,00,12.50,3.782,00,751.34,1.096,41,100%,0%,0.33%,1.66%,0.33%,2.01%,2.01%,0,1.14%,-29.88%,,,,,,,,,,,,
,,,,,,,,,,,,,,,,,,2023,11/3/2023,3.786,00,,,,,,,,,,0.33%,3.786,00,12.50,3.782,00,751.34,1.096,41,100%,0%,0.33%,1.66%,0.33%,2.11%,2.11%,0,1.14%,-29.95%,,,,,,,,,,,,
,,,,,,,,,,,,,,,,,,2023,11/6/2023,3.786,00,,,,,,,,,,0.33%,3.786,00,12.50,3.782,00,751.34,1.096,41,100%,0%,0.33%,1.66%,0.33%,2.11%,2.11%,0,1.14%,-29.95%,,,,,,,,,,,,
,,,,,,,,,,,,,,,,,,2023,11/7/2023,3.778,00,,,,,,,,,,0.33%,3.778,00,12.50,3.782,00,751.34,1.096,41,100%,0%,0.33%,1.66%,0.33%,2.33%,2.33%,0,1.14%,-30.10%,,,,,,,,,,,,
,,,,,,,,,,,,,,,,,,2023,11/8/2023,3.780,00,,,,,,,,,,0.33%,3.780,00,12.50,3.782,00,751.34,1.096,41,100%,0%,0.33%,1.66%,0.33%,2.28%,2.28%,0,1.14%,-30.06%,,,,,,,,,,,,
,,,,,,,,,,,,,,,,,,2023,11/9/2023,3.780,00,,,,,,,,,,0.33%,3.780,00,12.50,3.782,00,751.34,1.096,41,100%,0%,0.33%,1.66%,0.33%,2.28%,2.28%,0,1.14%,-30.06%,,,,,,,,,,,,
,,,,,,,,,,,,,,,,,,2023,11/10/2023,3.782,00,,,,,,,,,,0.33%,3.782,00,12.50,3.782,00,751.34,1.096,41,100%,0%,0.33%,1.66%,0.33%,2.22%,2.22%,0,1.14%,-30.03%,,,,,,,,,,,,
,,,,,,,,,,,,,,,,,,2023,11/13/2023,3.778,00,,,,,,,,,,0.33%,3.778,00,12.50,3.782,00,751.34,1.096,41,100%,0%,0.33%,1.66%,0.33%,2.33%,2.33%,0,1.14%,-30.10%,,,,,,,,,,,,
,,,,,,,,,,,,,,,,,,2023,11/14/2023,3.786,00,,,,,,,,,,0.33%,3.786,00,12.50,3.782,00,751.34,1.096,41,100%,0%,0.33%,1.66%,0.33%,2.11%,2.11%,0,1.14%,-29.95%,,,,,,,,,,,,
,,,,,,,,,,,,,,,,,,2023,11/15/2023,3.784,00,,,,,,,,,,0.33%,3.784,00,12.50,3.782,00,751.34,1.096,41,100%,0%,0.33%,1.66%,0.33%,2.17%,2.17%,0,1.14%,-29.99%,,,,,,,,,,,,
,,,,,,,,,,,,,,,,,,2023,11/16/2023,3.776,00,,,,,,,,,,0.33%,3.776,00,12.50,3.782,00,751.34,1.096,41,100%,0%,0.33%,1.66%,0.33%,2.38%,2.38%,0,1.14%,-30.14%,,,,,,,,,,,,
,,,,,,,,,,,,,,,,,,2023,11/17/2023,3.822,00,,,,,,,,,,0.33%,3.822,00,12.50,3.782,00,751.34,1.096,41,101%,-1%,0.33%,1.66%,0.33%,1.15%,1.15%,0,1.14%,-29.29%,,,,,,,,,,,,
,,,,,,,,,,,,,,,,,,2023,11/20/2023,3.818,00,,,,,,,,,,0.33%,3.818,00,12.50,3.782,00,751.34,1.096,41,101%,-1%,0.33%,1.66%,0.33%,1.26%,1.26%,0,1.14%,-29.36%,,,,,,,,,,,,
,,,,,,,,,,,,,,,,,,2023,11/21/2023,3.818,00,,,,,,,,,,0.33%,3.818,00,12.50,3.782,00,751.34,1.096,41,101%,-1%,0.33%,1.66%,0.33%,1.26%,1.26%,0,1.14%,-29.36%,,,,,,,,,,,,
,,,,,,,,,,,,,,,,,,2023,11/22/2023,3.822,00,,,,,,,,,,0.33%,3.822,00,12.50,3.782,00,751.34,1.096,41,101%,-1%,0.33%,1.66%,0.33%,1.15%,1.15%,0,1.14%,-29.29%,,,,,,,,,,,,
,,,,,,,,,,,,,,,,,,2023,11/23/2023,3.820,00,,,,,,,,,,0.33%,3.820,00,12.50,3.782,00,751.34,1.096,41,101%,-1%,0.33%,1.66%,0.33%,1.20%,1.20%,0,1.14%,-29.32%,,,,,,,,,,,,
,,,,,,,,,,,,,,,,,,2023,11/24/2023,3.822,00,,,,,,,,,,0.33%,3.822,00,12.50,3.782,00,751.34,1.096,41,101%,-1%,0.33%,1.66%,0.33%,1.15%,1.15%,0,1.14%,-29.29%,,,,,,,,,,,,
,,,,,,,,,,,,,,,,,,2023,11/27/2023,3.822,00,,,,,,,,,,0.33%,3.822,00,12.50,3.782,00,751.34,1.096,41,101%,-1%,0.33%,1.66%,0.33%,1.15%,1.15%,0,1.14%,-29.29%,,,,,,,,,,,,
,,,,,,,,,,,,,,,,,,2023,11/28/2023,3.824,00,,,,,,,,,,0.33%,3.824,00,12.50,3.782,00,751.34,1.096,41,101%,-1%,0.33%,1.66%,0.33%,1.10%,1.10%,0,1.14%,-29.25%,,,,,,,,,,,,
,,,,,,,,,,,,,,,,,,2023,11/29/2023,3.824,00,,,,,,,,,,0.33%,3.824,00,12.50,3.782,00,751.34,1.096,41,101%,-1%,0.33%,1.66%,0.33%,1.10%,1.10%,0,1.14%,-29.25%,,,,,,,,,,,,
,,,,,,,,,,,,,,,,,,2023,11/30/2023,3.824,00,,,,,,,,,,0.33%,3.824,00,12.50,3.782,00,751.34,1.096,41,101%,-1%,0.33%,1.66%,0.33%,1.10%,1.10%,0,1.14%,-29.25%,,,,,,,,,,,,
,,,,,,,,,,,,,,,,,,2023,12/1/2023,3.828,00,,,,,,,,,,0.33%,3.828,00,12.50,3.782,00,751.34,1.096,41,102%,-1%,0.33%,1.66%,0.33%,0.99%,0.99%,0,1.14%,-29.18%,,,,,,,,,,,,
,,,,,,,,,,,,,,,,,,2023,12/4/2023,3.832,00,,,,,,,,,,0.33%,3.832,00,12.50,3.782,00,751.34,1.096,41,102%,-1%,0.33%,1.66%,0.33%,0.89%,0.89%,0,1.14%,-29.10%,,,,,,,,,,,,
,,,,,,,,,,,,,,,,,,2023,12/5/2023,3.830,00,,,,,,,,,,0.33%,3.830,00,12.50,3.782,00,751.34,1.096,41,102%,-1%,0.33%,1.66%,0.33%,0.94%,0.94%,0,1.14%,-29.14%,,,,,,,,,,,,
,,,,,,,,,,,,,,,,,,2023,12/6/2023,3.836,00,,,,,,,,,,0.33%,3.836,00,12.50,3.782,00,751.34,1.096,41,102%,-1%,0.33%,1.66%,0.33%,0.78%,0.78%,0,1.14%,-29.03%,,,,,,,,,,,,
,,,,,,,,,,,,,,,,,,2023,12/7/2023,3.834,00,,,,,,,,,,0.33%,3.834,00,12.50,3.782,00,751.34,1.096,41,102%,-1%,0.33%,1.66%,0.33%,0.83%,0.83%,0,1.14%,-29.07%,,,,,,,,,,,,
,,,,,,,,,,,,,,,,,,2023,12/8/2023,3.832,00,,,,,,,,,,0.33%,3.832,00,12.50,3.782,00,751.34,1.096,41,102%,-1%,0.33%,1.66%,0.33%,0.89%,0.89%,0,1.14%,-29.10%,,,,,,,,,,,,
,,,,,,,,,,,,,,,,,,2023,12/11/2023,3.834,00,,,,,,,,,,0.33%,3.834,00,12.50,3.782,00,751.34,1.096,41,102%,-1%,0.33%,1.66%,0.33%,0.83%,0.83%,0,1.14%,-29.07%,,,,,,,,,,,,
,,,,,,,,,,,,,,,,,,2023,12/12/2023,3.834,00,,,,,,,,,,0.33%,3.834,00,12.50,3.782,00,751.34,1.096,41,102%,-1%,0.33%,1.66%,0.33%,0.83%,0.83%,0,1.14%,-29.07%,,,,,,,,,,,,
,,,,,,,,,,,,,,,,,,2023,12/13/2023,3.844,00,,,,,,,,,,0.33%,3.844,00,12.50,3.782,00,751.34,1.096,41,102%,-2%,0.33%,1.66%,0.33%,0.57%,0.57%,0,1.14%,-28.88%,,,,,,,,,,,,
,,,,,,,,,,,,,,,,,,2023,12/14/2023,3.846,00,,,,,,,,,,0.33%,3.846,00,12.50,3.782,00,751.34,1.096,41,102%,-2%,0.33%,1.66%,0.33%,0.52%,0.52%,0,1.14%,-28.84%,,,,,,,,,,,,
,,,,,,,,,,,,,,,,,,2023,12/15/2023,3.840,00,,,,,,,,,,0.33%,3.840,00,12.50,3.782,00,751.34,1.096,41,102%,-2%,0.33%,1.66%,0.33%,0.68%,0.68%,0,1.14%,-28.95%,,,,,,,,,,,,
,,,,,,,,,,,,,,,,,,2023,12/18/2023,3.846,00,,,,,,,,,,0.33%,3.846,00,12.50,3.782,00,751.34,1.096,41,102%,-2%,0.33%,1.66%,0.33%,0.52%,0.52%,0,1.14%,-28.84%,,,,,,,,,,,,
,,,,,,,,,,,,,,,,,,2023,12/19/2023,3.844,00,,,,,,,,,,0.33%,3.844,00,12.50,3.782,00,751.34,1.096,41,102%,-2%,0.33%,1.66%,0.33%,0.57%,0.57%,0,1.14%,-28.88%,,,,,,,,,,,,
,,,,,,,,,,,,,,,,,,2023,12/20/2023,3.840,00,,,,,,,,,,0.33%,3.840,00,12.50,3.782,00,751.34,1.096,41,102%,-2%,0.33%,1.66%,0.33%,0.68%,0.68%,0,1.14%,-28.95%,,,,,,,,,,,,
,,,,,,,,,,,,,,,,,,2023,12/21/2023,3.842,00,,,,,,,,,,0.33%,3.842,00,12.50,3.782,00,751.34,1.096,41,102%,-2%,0.33%,1.66%,0.33%,0.62%,0.62%,0,1.14%,-28.92%,,,,,,,,,,,,
,,,,,,,,,,,,,,,,,,2023,12/22/2023,3.852,00,,,,,,,,,,0.32%,3.852,00,12.50,3.782,00,751.34,1.096,41,102%,-2%,0.33%,1.66%,0.32%,0.36%,0.36%,0,1.14%,-28.73%,,,,,,,,,,,,
,,,,,,,,,,,,,,,,,,2023,12/26/2023,,,,,,,,,,,0.32%,3.852,00,12.50,3.782,00,751.34,1.096,41,102%,-2%,0.33%,1.66%,0.32%,0.36%,0.36%,0,1.14%,-28.73%,,,,,,,,,,,,
,,,,,,,,,,,,,,,,,,2023,12/27/2023,3.858,00,,,,,,,,,,0.32%,3.858,00,12.50,3.782,00,751.34,1.096,41,103%,-2%,0.33%,1.66%,0.32%,0.21%,0.21%,0,1.14%,-28.62%,,,,,,,,,,,,
,,,,,,,,,,,,,,,,,,2023,12/28/2023,3.858,00,,,,,,,,,,0.32%,3.858,00,12.50,3.782,00,751.34,1.096,41,103%,-2%,0.33%,1.66%,0.32%,0.21%,0.21%,0,1.14%,-28.62%,,,,,,,,,,,,
,,,,,,,,,,,,,,,,,,2023,12/29/2023,3.858,00,,,,,,,,,,0.32%,3.858,00,12.50,3.782,00,751.34,1.096,41,103%,-2%,0.33%,1.66%,0.32%,0.21%,0.21%,0,1.14%,-28.62%,,,,,,,,,,,,
,,,,,,,,,,,,,,,,,,2024,1/2/2024,3.856,00,,,,,,,,,,0.32%,3.856,00,12.50,3.782,00,751.34,1.096,41,102%,-2%,0.33%,1.66%,0.32%,0.26%,0.26%,0,1.14%,-28.66%,,,,,,,,,,,,
,,,,,,,,,,,,,,,,,,2024,1/3/2024,3.860,00,,,,,,,,,,0.32%,3.860,00,12.50,3.782,00,751.34,1.096,41,103%,-2%,0.33%,1.66%,0.32%,0.16%,0.16%,0,1.14%,-28.58%,,,,,,,,,,,,
,,,,,,,,,,,,,,,,,,2024,1/4/2024,3.856,00,,,,,,,,,,0.32%,3.856,00,12.50,3.782,00,751.34,1.096,41,102%,-2%,0.33%,1.66%,0.32%,0.26%,0.26%,0,1.14%,-28.66%,,,,,,,,,,,,
,,,,,,,,,,,,,,,,,,2024,1/5/2024,3.858,00,,,,,,,,,,0.32%,3.858,00,12.50,3.782,00,751.34,1.096,41,103%,-2%,0.33%,1.66%,0.32%,0.21%,0.21%,0,1.14%,-28.62%,,,,,,,,,,,,
,,,,,,,,,,,,,,,,,,2024,1/8/2024,3.862,00,,,,,,,,,,0.32%,3.862,00,12.50,3.782,00,751.34,1.096,41,103%,-2%,0.33%,1.66%,0.32%,0.10%,0.10%,0,1.14%,-28.55%,,,,,,,,,,,,
,,,,,,,,,,,,,,,,,,2024,1/9/2024,3.860,00,,,,,,,,,,0.32%,3.860,00,12.50,3.782,00,751.34,1.096,41,103%,-2%,0.33%,1.66%,0.32%,0.16%,0.16%,0,1.14%,-28.58%,,,,,,,,,,,,
,,,,,,,,,,,,,,,,,,2024,1/10/2024,3.862,00,,,,,,,,,,0.32%,3.862,00,12.50,3.782,00,751.34,1.096,41,103%,-2%,0.33%,1.66%,0.32%,0.10%,0.10%,0,1.14%,-28.55%,,,,,,,,,,,,
,,,,,,,,,,,,,,,,,,2024,1/11/2024,3.862,00,,,,,,,,,,0.32%,3.862,00,12.50,3.782,00,751.34,1.096,41,103%,-2%,0.33%,1.66%,0.32%,0.10%,0.10%,0,1.14%,-28.55%,,,,,,,,,,,,
,,,,,,,,,,,,,,,,,,2024,1/12/2024,3.864,00,,,,,,,,,,0.32%,3.864,00,12.50,3.782,00,751.34,1.096,41,103%,-2%,0.33%,1.66%,0.32%,0.05%,0.05%,0,1.14%,-28.51%,,,,,,,,,,,,
,,,,,,,,,,,,,,,,,,2024,1/15/2024,3.866,00,,,,,,,,,,0.32%,3.866,00,12.50,3.782,00,751.34,1.096,41,103%,-2%,0.33%,1.66%,0.32%,0.00%,0.00%,0,1.14%,-28.47%,,,,,,,,,,,,
,,,,,,,,,,,,,,,,,,2024,1/16/2024,3.866,00,,,,,,,,,,0.32%,3.866,00,12.50,3.782,00,751.34,1.096,41,103%,-2%,0.33%,1.66%,0.32%,0.00%,0.00%,0,1.14%,-28.47%,,,,,,,,,,,,
